   5.5903088e-01   7.9070194e-01   1.0000000e+00
   1.0711607e+00   9.1128074e-01   0.0000000e+00
  -6.9050908e-03   3.4865252e-01   0.0000000e+00
   2.0029552e-01   6.1797076e-01   1.0000000e+00
   2.6770380e-02   5.2180071e-01   1.0000000e+00
   6.6085676e-01   1.0109363e+00   0.0000000e+00
   8.1099140e-01   4.6696720e-01   1.0000000e+00
   1.1932232e-01   9.7782653e-01   1.0000000e+00
   4.8200599e-01   7.5035245e-01   0.0000000e+00
   8.5377018e-01   8.9569635e-01   0.0000000e+00
   1.2300618e+00   1.1357354e+00   0.0000000e+00
   5.9851301e-02   9.4941246e-01   1.0000000e+00
   9.0195843e-01   9.4326777e-01   0.0000000e+00
   2.2327585e-01   6.6631371e-01   0.0000000e+00
   5.4872490e-01   8.2291943e-01   0.0000000e+00
   5.0972794e-01   6.3951474e-01   1.0000000e+00
   3.1105689e-01   3.8370558e-01   0.0000000e+00
   2.2665432e-01  -2.5772362e-01   0.0000000e+00
  -1.0998188e-01   1.3604995e+00   1.0000000e+00
   3.3512968e-01   5.6599437e-01   1.0000000e+00
   2.4494017e-01   5.4407916e-01   1.0000000e+00
   6.7860025e-01   3.0368389e-01   1.0000000e+00
   3.3888551e-02   5.5882406e-01   1.0000000e+00
   1.6644617e-01   5.1759061e-01   1.0000000e+00
   1.3720550e-02   1.0021891e+00   1.0000000e+00
   7.4734794e-01   4.0205993e-01   0.0000000e+00
   1.0696279e+00   7.8651723e-01   0.0000000e+00
  -5.9997879e-02   2.7755259e-01   0.0000000e+00
   1.2471496e+00   8.1903737e-01   0.0000000e+00
   3.1662328e-01   8.1377785e-01   1.0000000e+00
   8.1147393e-03   5.1091689e-01   0.0000000e+00
   9.4108963e-01   9.5362002e-01   0.0000000e+00
   5.9615506e-01   5.0647914e-01   0.0000000e+00
   7.0614132e-01   7.6030692e-01   0.0000000e+00
   9.0228983e-01   8.6768388e-01   0.0000000e+00
   7.6925169e-01   6.4661037e-01   0.0000000e+00
   1.2286449e+00   5.1452550e-01   0.0000000e+00
   9.8538660e-01   2.7665907e-01   1.0000000e+00
   1.2135970e+00   8.1975544e-02   1.0000000e+00
   1.7200082e-01   5.2259915e-01   1.0000000e+00
   3.0137284e-01   7.8207458e-01   1.0000000e+00
   1.8600457e-01   5.3921779e-02   0.0000000e+00
   5.0999841e-01   1.0932305e+00   0.0000000e+00
   5.0770183e-01   7.1509826e-01   0.0000000e+00
   7.0335600e-01  -2.8139054e-01   1.0000000e+00
   1.1573088e+00   7.3508051e-01   0.0000000e+00
   6.6853306e-01   3.3173597e-01   0.0000000e+00
   6.8708311e-01   1.3015074e-02   1.0000000e+00
   4.8746391e-01   8.3908580e-01   1.0000000e+00
   3.1234678e-01   3.6711321e-01   1.0000000e+00
   1.5913610e-01  -1.0507159e-02   0.0000000e+00
   1.1076417e+00   1.1929238e-01   1.0000000e+00
   1.8401939e-01   8.8185014e-01   1.0000000e+00
  -3.8406022e-02   8.9224336e-01   1.0000000e+00
   9.1103652e-01   4.0867765e-01   0.0000000e+00
   5.9594744e-01   5.5972175e-01   0.0000000e+00
   1.0840254e+00   8.3198503e-01   0.0000000e+00
   2.7731500e-01   1.0644809e+00   1.0000000e+00
   9.2727752e-01  -9.9961665e-02   1.0000000e+00
   7.0070879e-01   7.7915558e-01   1.0000000e+00
  -1.1598156e-01   7.1978740e-01   1.0000000e+00
  -2.2671784e-01   8.8206651e-01   1.0000000e+00
   5.4339889e-01   1.0057328e+00   1.0000000e+00
   3.1334571e-01   7.7290642e-01   1.0000000e+00
   8.4339417e-01   2.1505423e-01   1.0000000e+00
   1.8424574e-01  -3.8730131e-02   0.0000000e+00
   7.1157297e-01   2.1820078e-01   1.0000000e+00
   3.4691154e-01   7.4405450e-01   0.0000000e+00
   1.5601448e-01   2.9767516e-01   0.0000000e+00
  -1.6475613e-02   8.5075047e-01   1.0000000e+00
   3.1635491e-01   1.5033748e-01   0.0000000e+00
   1.2546754e+00   2.5249299e-01   1.0000000e+00
   6.1585584e-01   9.7909577e-01   1.0000000e+00
   5.3793979e-03   9.8325849e-01   1.0000000e+00
   2.0252690e-01   1.7440717e-01   0.0000000e+00
   1.8644094e-01   1.0775328e+00   1.0000000e+00
   6.7133779e-01   8.0809605e-01   1.0000000e+00
   5.8077954e-01   2.8601026e-02   0.0000000e+00
   2.0351165e-01   1.2097475e-01   0.0000000e+00
   4.7371200e-01   8.6354957e-01   1.0000000e+00
   8.1581176e-01   7.6829646e-01   0.0000000e+00
   1.9447126e-01   3.2104658e-01   1.0000000e+00
   6.0122047e-01   8.4072968e-01   1.0000000e+00
   7.7593071e-01   1.0663181e+00   0.0000000e+00
   6.7979061e-01   5.0954572e-02   1.0000000e+00
   1.0536713e+00   1.5801189e-01   1.0000000e+00
   3.3364528e-01   9.2448280e-01   0.0000000e+00
   1.7720307e-01   3.9199351e-01   0.0000000e+00
   1.0803663e+00   7.9373442e-01   0.0000000e+00
   1.3250574e+00   8.2353650e-01   0.0000000e+00
   3.0854484e-01   7.6907887e-01   1.0000000e+00
   9.8496758e-01  -6.1836600e-02   1.0000000e+00
   9.4675024e-01   8.4181793e-01   0.0000000e+00
   1.0345333e+00   6.3942435e-01   1.0000000e+00
   6.7660817e-02   8.4050803e-01   1.0000000e+00
   2.4042182e-01   7.7286446e-01   1.0000000e+00
  -3.3948330e-02   3.8483508e-01   0.0000000e+00
   7.5247115e-01   9.0985495e-01   0.0000000e+00
   3.4647101e-01   1.6581192e-01   0.0000000e+00
   6.0385289e-01   7.0655286e-01   0.0000000e+00
   1.3082361e-01   9.5085079e-01   1.0000000e+00
   1.9060965e-01   8.6766910e-01   1.0000000e+00
   5.0160362e-01  -4.7306334e-02   0.0000000e+00
   2.9855166e-01   7.8826490e-02   0.0000000e+00
   9.3303618e-01   1.0498813e+00   0.0000000e+00
   6.2827972e-02   1.0455951e+00   1.0000000e+00
   7.5431843e-01   1.5830313e-01   1.0000000e+00
   1.1570694e-01   5.6517011e-01   1.0000000e+00
   9.2314562e-01   3.9985220e-01   1.0000000e+00
   7.3323405e-01   9.7918579e-01   0.0000000e+00
   1.1281544e+00   6.1148730e-01   0.0000000e+00
   5.1467465e-01   8.7833552e-01   0.0000000e+00
   8.4633298e-02   3.4716021e-01   0.0000000e+00
   1.5454827e+00   2.3779381e-01   1.0000000e+00
   1.0587655e+00   7.8940242e-01   0.0000000e+00
   3.4688978e-01   6.5167364e-01   1.0000000e+00
   2.8339844e-01   8.1983694e-01   1.0000000e+00
   2.8439918e-01   7.3997023e-01   1.0000000e+00
  -1.4518753e-01  -1.4432455e-01   0.0000000e+00
   7.0202013e-01   3.3315439e-01   1.0000000e+00
   4.7281868e-01  -8.0568098e-02   1.0000000e+00
   3.4381493e-01   1.0465393e-01   0.0000000e+00
   8.9906274e-01   6.4476742e-01   0.0000000e+00
   2.0466670e-01   6.7878007e-01   1.0000000e+00
   7.7920134e-01   4.3576340e-01   1.0000000e+00
   9.4686831e-01   1.9688028e-01   1.0000000e+00
   4.4745154e-01   4.2741821e-01   0.0000000e+00
  -2.8464406e-01   7.1269867e-01   1.0000000e+00
   7.5233140e-01   3.1398359e-01   1.0000000e+00
   6.5614046e-01   1.4543076e+00   0.0000000e+00
   4.0712420e-01   5.9458702e-01   1.0000000e+00
   3.2678364e-01   4.6907716e-01   0.0000000e+00
   1.5992557e-01   4.7193036e-01   1.0000000e+00
   6.1062716e-01   1.6961133e-01   1.0000000e+00
   8.6607133e-01   4.2431749e-01   1.0000000e+00
   3.8710178e-01   2.0608915e-01   0.0000000e+00
   7.5230574e-01   8.3308268e-01   0.0000000e+00
   8.4113756e-02   2.2766537e-02   0.0000000e+00
   8.0852594e-01   1.0640906e+00   0.0000000e+00
   3.8340742e-01   4.7093632e-01   1.0000000e+00
   3.3288230e-01   2.3904666e-01   0.0000000e+00
   9.5897879e-01   7.5037492e-01   0.0000000e+00
   9.1856716e-01   3.9823449e-01   1.0000000e+00
   2.1105440e-01   7.5047452e-01   1.0000000e+00
   6.7315889e-01   8.0102880e-01   0.0000000e+00
   7.5475350e-01   4.4437503e-01   1.0000000e+00
   2.2956308e-01   5.2009312e-01   1.0000000e+00
   3.4667869e-01   3.6080819e-02   0.0000000e+00
   5.0696252e-01   9.8685391e-01   1.0000000e+00
   5.3540282e-01   6.5361829e-01   1.0000000e+00
  -3.2359883e-02   1.9137417e-01   0.0000000e+00
   5.6485881e-01   4.6101744e-01   1.0000000e+00
   9.3571673e-01   6.0786516e-01   0.0000000e+00
   9.9748229e-01   1.1469136e+00   0.0000000e+00
   1.8289391e-01   9.0638645e-01   1.0000000e+00
   4.1030953e-01   4.3191811e-01   0.0000000e+00
   4.1832436e-01   1.2533001e+00   1.0000000e+00
   6.7886704e-01   6.7746414e-02   1.0000000e+00
   2.6853360e-01   9.9656106e-01   1.0000000e+00
   3.8750536e-01   6.8708055e-01   0.0000000e+00
   9.4750635e-01   1.1696290e+00   0.0000000e+00
   5.7217351e-01   4.9363909e-01   1.0000000e+00
   2.3726751e-01   9.2767156e-01   1.0000000e+00
   2.9261168e-01   4.9076239e-01   0.0000000e+00
   9.5341085e-02   9.0397781e-01   1.0000000e+00
   3.7997622e-01   2.0131017e-01   1.0000000e+00
   5.6577178e-01   4.8959292e-01   0.0000000e+00
   1.1721805e+00   2.3041277e-01   1.0000000e+00
   7.5390695e-01   2.6816172e-01   1.0000000e+00
   9.4189642e-02   4.1704405e-01   1.0000000e+00
   8.0938231e-01   4.1387856e-02   1.0000000e+00
   6.3375703e-02   3.1051440e-01   0.0000000e+00
   6.7715407e-01   2.0257611e-01   1.0000000e+00
   1.0573093e+00   1.9024146e-01   1.0000000e+00
   9.6036026e-01   1.3506071e-01   1.0000000e+00
   3.7965130e-01  -2.8239387e-02   0.0000000e+00
   1.3760427e-01   1.0578831e-01   0.0000000e+00
   1.7850345e-01   2.3121784e-01   0.0000000e+00
   7.5767008e-01   9.0033365e-01   0.0000000e+00
   8.3813234e-01   5.8449192e-01   0.0000000e+00
  -3.1003433e-02   7.8814141e-01   1.0000000e+00
   3.9640062e-01   4.1479768e-01   0.0000000e+00
   3.8859514e-01   3.6229393e-01   0.0000000e+00
   7.1286557e-01   4.1941391e-01   1.0000000e+00
   1.2071753e+00   1.0080128e+00   0.0000000e+00
   8.3118299e-01   2.1904394e-01   1.0000000e+00
   3.8264437e-01   7.2832662e-01   0.0000000e+00
   7.2141500e-02   4.8330888e-01   1.0000000e+00
   4.7988218e-01   7.6595181e-02   1.0000000e+00
   3.5386933e-01   1.2038205e+00   1.0000000e+00
   5.2436898e-02   3.8643899e-01   0.0000000e+00
   4.5851154e-01   1.0151023e+00   1.0000000e+00
   9.4549671e-01   5.3019502e-01   0.0000000e+00
   3.9906835e-01   5.9889401e-01   1.0000000e+00
   6.7286483e-01   2.3434365e-01   0.0000000e+00
   5.5842192e-03   1.3478778e+00   1.0000000e+00
   1.6589122e-01   5.0976511e-02   0.0000000e+00
  -1.7385840e-01   8.4658600e-01   1.0000000e+00
   7.9141961e-01   9.5866602e-01   0.0000000e+00
   1.8132259e-01  -4.5723041e-01   0.0000000e+00
   3.8693209e-01   6.0920964e-01   1.0000000e+00
   2.4487878e-02   1.3360452e-01   0.0000000e+00
   1.3859924e-01   7.0541347e-01   1.0000000e+00
   1.0436088e+00  -5.6867342e-02   1.0000000e+00
   8.9624518e-01   2.8452761e-01   1.0000000e+00
  -1.2940995e-01   7.3909420e-01   1.0000000e+00
   2.0210346e-01   1.3520486e-01   0.0000000e+00
   1.8040452e-01   9.2372020e-01   1.0000000e+00
   6.0231048e-01   5.9355490e-01   1.0000000e+00
  -2.4735116e-01   3.4142733e-01   0.0000000e+00
   4.3596396e-01   4.3655708e-01   1.0000000e+00
   3.8532341e-01   8.4675303e-01   1.0000000e+00
   4.4435873e-01   3.7755493e-01   0.0000000e+00
   6.8716700e-01   5.2493590e-01   1.0000000e+00
   8.6905050e-01   1.0018167e+00   0.0000000e+00
   7.9705616e-01   6.1987846e-01   0.0000000e+00
   5.3779945e-01   3.5282890e-01   0.0000000e+00
   8.7045359e-01   9.4272503e-01   0.0000000e+00
   1.0606505e+00   2.9252553e-01   1.0000000e+00
   4.6095717e-01   1.3665122e-01   0.0000000e+00
   8.6094343e-01   8.9701373e-01   0.0000000e+00
   7.3455818e-01  -3.0942820e-02   1.0000000e+00
  -7.9633298e-02  -8.4697277e-03   0.0000000e+00
   5.7257223e-01   4.4341770e-01   1.0000000e+00
   3.0529941e-01   2.1360360e-01   1.0000000e+00
   5.6482322e-02  -1.7352353e-01   0.0000000e+00
   8.3349541e-01   5.8040975e-01   0.0000000e+00
   9.3839864e-02   6.7502167e-01   1.0000000e+00
   7.7169211e-01   3.1706636e-01   0.0000000e+00
   8.8374563e-02   6.7221847e-01   0.0000000e+00
   2.9071128e-01  -1.0409068e-01   0.0000000e+00
   7.6616072e-02   3.3141247e-02   0.0000000e+00
   2.9419889e-01   3.3058808e-01   0.0000000e+00
   4.1039714e-01   5.6555542e-01   1.0000000e+00
   8.7414904e-01   5.2220404e-02   1.0000000e+00
   5.6167595e-01   2.2933368e-01   0.0000000e+00
   8.0722566e-01   1.0487615e+00   0.0000000e+00
   7.6065986e-01   2.7496230e-01   1.0000000e+00
   3.7258388e-01   5.8966965e-01   1.0000000e+00
   1.3228921e-02   7.9701111e-01   1.0000000e+00
   3.3236992e-01   2.9481765e-01   0.0000000e+00
   9.3751520e-01   7.4878191e-01   0.0000000e+00
   5.6628758e-01   4.0973499e-01   1.0000000e+00
   8.4400818e-01   4.1411412e-01   0.0000000e+00
   4.1993761e-01   3.1910232e-01   0.0000000e+00
   1.0135699e+00   8.0390805e-01   0.0000000e+00
   7.3215680e-01   2.2506890e-02   1.0000000e+00
   7.2072981e-01   6.7364997e-01   0.0000000e+00
   8.1902954e-01   3.9656834e-01   1.0000000e+00
   8.6203364e-01   3.0812130e-01   1.0000000e+00
   3.4637927e-01   8.9943883e-02   0.0000000e+00
   1.1565901e+00   8.5070485e-01   0.0000000e+00
   2.8372400e-01   5.9137631e-01   1.0000000e+00
   8.4914497e-01   6.5949007e-01   0.0000000e+00
   2.2097409e-01   2.3158894e-03   0.0000000e+00
   8.3623367e-01   3.0140786e-01   1.0000000e+00
   4.4587523e-01   8.7607318e-01   1.0000000e+00
   8.4194148e-01   3.5325260e-02   1.0000000e+00
   4.0324293e-02   2.7103240e-01   0.0000000e+00
   5.1725565e-01   1.1500778e+00   0.0000000e+00
   5.2113751e-02   7.4672308e-01   1.0000000e+00
  -1.7750593e-01   4.4433923e-02   0.0000000e+00
   1.0463296e+00   1.8477104e-01   1.0000000e+00
   2.9720103e-01   2.5789266e-01   0.0000000e+00
   6.5634921e-01   7.0928175e-01   0.0000000e+00
   4.1261101e-01   2.0330894e-01   0.0000000e+00
  -1.1946524e-01   1.5648301e-01   0.0000000e+00
   9.8898390e-02   3.9406682e-01   0.0000000e+00
   7.0480002e-01   8.2803888e-01   0.0000000e+00
   4.0991653e-01   7.0762520e-01   1.0000000e+00
   8.5552656e-01   7.5149766e-01   0.0000000e+00
   6.4705408e-01   1.0628219e+00   0.0000000e+00
   2.7878064e-01   7.2609652e-01   0.0000000e+00
   3.5199450e-01   1.1446978e+00   0.0000000e+00
   6.9520952e-01   8.6349375e-01   1.0000000e+00
  -7.6610764e-02   3.3632366e-02   0.0000000e+00
   3.1890365e-01   1.0117245e+00   1.0000000e+00
   7.3944898e-01   7.1327654e-01   0.0000000e+00
   1.8900088e-01   6.4866730e-01   1.0000000e+00
   5.7928205e-01   2.6729485e-01   0.0000000e+00
   7.9397304e-01   1.6854708e-01   1.0000000e+00
  -1.8139777e-01   1.3895436e-01   0.0000000e+00
   2.3427959e-01  -1.5676254e-01   0.0000000e+00
   8.8434702e-01  -1.1273736e-01   1.0000000e+00
   3.4557918e-01   3.6765527e-01   0.0000000e+00
   3.2523558e-01   7.9536755e-01   1.0000000e+00
   1.0043496e+00   1.0382790e-01   1.0000000e+00
   9.4029912e-01   1.0408650e-01   1.0000000e+00
   3.6893530e-01   8.8034465e-01   1.0000000e+00
   8.5686199e-01   2.1947392e-01   1.0000000e+00
   9.6982416e-01   1.1516821e+00   0.0000000e+00
   6.8699473e-01  -9.9394873e-02   1.0000000e+00
   8.1423260e-01   1.1997150e+00   0.0000000e+00
   8.0479275e-01   2.8729477e-01   1.0000000e+00
   3.4459768e-01   3.3713086e-01   0.0000000e+00
   6.8248778e-01   1.4949208e-01   1.0000000e+00
   7.0511128e-01   5.5548117e-01   1.0000000e+00
   8.0908067e-01   2.5724149e-01   1.0000000e+00
   2.6887670e-01   3.4893331e-02   0.0000000e+00
   4.8919010e-01   2.7684596e-01   1.0000000e+00
   5.1045634e-01   1.0405143e-01   0.0000000e+00
   2.6031293e-01   7.7642062e-01   1.0000000e+00
   2.0633948e-01   5.3936557e-01   0.0000000e+00
  -7.3855165e-02   1.7287547e-01   0.0000000e+00
  -3.3946831e-01   9.3089333e-02   0.0000000e+00
   8.4231835e-01   1.8868256e-01   1.0000000e+00
   6.0658458e-01   5.4525310e-01   0.0000000e+00
   1.6104522e-01   1.0440421e+00   1.0000000e+00
   1.0073818e-02   1.1939118e+00   1.0000000e+00
   3.6830881e-01  -3.0031394e-02   0.0000000e+00
   2.4632553e-01   7.3754298e-01   1.0000000e+00
  -2.1918743e-01   8.9991458e-01   1.0000000e+00
   8.9827669e-01   9.4729961e-01   0.0000000e+00
   7.0533196e-01   1.2717367e+00   0.0000000e+00
   9.3506665e-01   5.5352692e-01   0.0000000e+00
   9.7711228e-01   2.7455875e-01   1.0000000e+00
   1.6719394e-01   4.9270055e-01   1.0000000e+00
   8.5391045e-01   9.8280618e-02   1.0000000e+00
  -2.0088879e-01   1.2189154e+00   1.0000000e+00
  -1.0560984e-01   6.5163147e-01   1.0000000e+00
  -8.4477559e-03   5.5003937e-01   0.0000000e+00
   1.1383243e+00   5.2481101e-01   0.0000000e+00
   1.2345095e+00   4.7821612e-02   1.0000000e+00
  -3.2318580e-01   3.3482689e-01   0.0000000e+00
  -1.4156285e-01  -1.6178872e-01   0.0000000e+00
   7.3991301e-01   1.1952644e+00   0.0000000e+00
   6.8836449e-01   8.6107286e-01   0.0000000e+00
   7.7383428e-01  -7.4522045e-02   1.0000000e+00
   3.6433717e-01   3.4872276e-01   0.0000000e+00
   7.9841197e-01  -1.4950973e-02   1.0000000e+00
   1.6758161e-01   9.7321119e-01   1.0000000e+00
   1.1191633e+00   6.2469849e-01   1.0000000e+00
   2.3902656e-01   4.3261919e-01   1.0000000e+00
   4.5722604e-01   1.1331288e-01   1.0000000e+00
   1.1536127e+00   1.1907710e+00   0.0000000e+00
   1.0957399e+00   9.6814238e-01   0.0000000e+00
   8.7105638e-01   7.0417433e-01   0.0000000e+00
   5.9292938e-01   4.3804845e-01   1.0000000e+00
   8.5346682e-01   8.8143559e-01   0.0000000e+00
   2.1929627e-01   2.5658060e-01   0.0000000e+00
   6.9308362e-01   9.8581670e-02   1.0000000e+00
   7.0638757e-01  -4.4990890e-01   1.0000000e+00
   6.9783642e-01   1.1701986e+00   0.0000000e+00
   5.3275995e-01   5.6120938e-01   1.0000000e+00
   7.8616561e-01   2.6342669e-01   0.0000000e+00
   4.0288075e-01   4.3367997e-01   0.0000000e+00
   5.9536222e-01   1.0474117e+00   0.0000000e+00
   6.1288846e-01   8.0461058e-01   0.0000000e+00
   9.3513936e-01   7.0183787e-02   1.0000000e+00
   8.3115113e-01   3.2438278e-01   1.0000000e+00
  -2.0796007e-01   1.0384669e+00   1.0000000e+00
   8.1898129e-01   6.4097894e-01   1.0000000e+00
   1.2827778e+00   1.0743530e+00   0.0000000e+00
   1.3976450e-02   2.7291032e-01   0.0000000e+00
   2.9108469e-01   2.6865581e-01   0.0000000e+00
   7.0326559e-01   5.7932737e-01   0.0000000e+00
   2.1785481e-01   3.6628860e-01   0.0000000e+00
   1.2221320e-01   6.9170995e-02   0.0000000e+00
   1.1583437e-02   8.2122652e-01   1.0000000e+00
   1.0154399e+00   1.1072480e+00   0.0000000e+00
  -6.0161879e-02   6.2712556e-01   1.0000000e+00
   5.4487967e-01  -9.1704197e-02   0.0000000e+00
   7.5493444e-02   6.8668664e-01   1.0000000e+00
   2.8848559e-01  -3.1751212e-01   0.0000000e+00
   6.5621570e-01   6.0472641e-01   0.0000000e+00
   4.6875641e-01   7.5141434e-01   1.0000000e+00
   2.5382267e-01   4.6925132e-01   1.0000000e+00
   8.1095114e-01   6.7485510e-01   0.0000000e+00
   1.7311361e-01   3.1499973e-01   1.0000000e+00
   3.8650272e-01   1.0202938e+00   1.0000000e+00
   8.7189229e-01   1.4086602e-01   1.0000000e+00
   4.5745359e-01   5.4360431e-01   1.0000000e+00
   4.6501431e-03   1.0638070e-01   0.0000000e+00
  -1.8267823e-01   5.1858921e-01   1.0000000e+00
   3.1101041e-01   3.2145943e-01   1.0000000e+00
   2.6912496e-01   2.0810724e-02   0.0000000e+00
   8.8614804e-01  -3.5174072e-01   1.0000000e+00
   6.5861502e-01   1.0017176e+00   0.0000000e+00
   9.3333650e-01  -2.8043150e-01   1.0000000e+00
   5.6440567e-01   2.2996002e-01   0.0000000e+00
   8.4326861e-01   4.8936186e-01   0.0000000e+00
   7.6033131e-01  -1.2058979e-02   1.0000000e+00
   1.0667966e-01   9.6439305e-01   1.0000000e+00
   8.1900259e-01   1.9683583e-01   1.0000000e+00
   5.0406703e-01   5.7847719e-01   1.0000000e+00
   3.4219926e-01   6.7493128e-01   0.0000000e+00
   7.6160080e-01   7.0139782e-01   0.0000000e+00
   6.5631917e-01   4.1069904e-01   1.0000000e+00
   4.0851509e-01   1.1626803e+00   1.0000000e+00
   6.0047926e-02   6.7402990e-01   0.0000000e+00
   3.6318477e-01   3.5734892e-01   0.0000000e+00
   1.0060166e+00   5.8034891e-01   0.0000000e+00
   4.8929521e-01   4.6704851e-01   1.0000000e+00
   7.8639713e-01   1.2948277e+00   0.0000000e+00
   9.6845322e-01   5.9059955e-01   0.0000000e+00
   8.8246544e-01   8.5957805e-01   0.0000000e+00
   1.9427036e-01  -1.2725607e-02   0.0000000e+00
   8.9572719e-01   8.4047856e-01   0.0000000e+00
   2.0676925e-01   5.8166363e-01   0.0000000e+00
   6.7754227e-01  -6.9435923e-02   1.0000000e+00
   1.3336224e+00   7.1330980e-01   0.0000000e+00
   5.5656171e-01   9.0630734e-01   0.0000000e+00
   8.0572533e-01   4.4007598e-03   1.0000000e+00
   9.8226425e-01   8.2490408e-01   0.0000000e+00
   6.1996964e-01   4.0883554e-01   1.0000000e+00
   1.9242162e-01   1.6936125e-01   0.0000000e+00
   1.5408051e-01   1.0801402e+00   1.0000000e+00
   1.1914669e+00   8.4536910e-01   0.0000000e+00
   6.1430091e-01   1.1963022e+00   0.0000000e+00
  -1.2815286e-01   6.2457585e-02   0.0000000e+00
   1.0444886e-01   4.6987755e-02   0.0000000e+00
   6.3796170e-01   7.6566698e-01   0.0000000e+00
   7.2853897e-01   2.1468585e-01   1.0000000e+00
   5.5183878e-01   4.4253997e-01   1.0000000e+00
   8.5972667e-01   9.0482108e-01   0.0000000e+00
   2.1561555e-01   7.9648006e-01   1.0000000e+00
   2.8114638e-01  -1.0620707e-01   0.0000000e+00
   3.9914040e-01   3.2680578e-01   0.0000000e+00
   8.6231419e-01   5.6351205e-01   0.0000000e+00
   1.2361239e+00   1.2386856e-01   1.0000000e+00
   5.6056795e-01   9.5816273e-01   1.0000000e+00
   7.4911085e-01   9.8672470e-01   0.0000000e+00
   9.4569225e-01   4.9430165e-01   1.0000000e+00
   9.1690717e-01   4.7183576e-01   1.0000000e+00
   7.6533444e-01   7.8558174e-01   0.0000000e+00
   1.0274505e+00   3.8063059e-02   1.0000000e+00
   8.9647031e-01  -7.0702307e-02   1.0000000e+00
   1.2267749e+00   6.0089412e-01   0.0000000e+00
   5.0991438e-01   9.3531902e-01   1.0000000e+00
   1.0725356e+00   1.0017344e+00   0.0000000e+00
   9.1296067e-01   1.2464160e+00   0.0000000e+00
   5.0803757e-01   4.8941492e-01   0.0000000e+00
   7.4643358e-01   4.1680508e-01   0.0000000e+00
   7.6659071e-01   9.3856770e-01   0.0000000e+00
   1.1413952e+00   1.0684127e+00   0.0000000e+00
   4.0928052e-01   2.8296645e-01   0.0000000e+00
   7.4128111e-01   3.1760495e-01   1.0000000e+00
   7.9918335e-01   4.0755857e-01   0.0000000e+00
   4.2823195e-01   7.6335182e-01   1.0000000e+00
   8.2494777e-01   9.9197706e-01   0.0000000e+00
   5.4522369e-01   7.7623270e-01   0.0000000e+00
   8.5148375e-01   7.4172339e-01   0.0000000e+00
   9.0206108e-01   1.1069683e-01   1.0000000e+00
   5.1321222e-01   9.4104493e-01   0.0000000e+00
   3.0950629e-01   1.5922255e-01   0.0000000e+00
   6.7206654e-01   4.7175669e-01   1.0000000e+00
   9.0029297e-01   2.4065709e-01   1.0000000e+00
   7.4290103e-01   8.3177354e-01   0.0000000e+00
   4.2680584e-01   7.0884823e-01   1.0000000e+00
   3.3950845e-01   2.8294470e-01   0.0000000e+00
   3.6177888e-01  -1.1882060e-01   0.0000000e+00
   3.6505688e-01   5.4751948e-01   1.0000000e+00
   1.0846710e+00   6.7680620e-01   0.0000000e+00
   2.2765567e-01   1.0928389e+00   1.0000000e+00
   8.6745186e-01   5.1765686e-01   1.0000000e+00
   1.5743992e-01   5.7047989e-01   0.0000000e+00
   1.2339434e-01   3.8023018e-02   0.0000000e+00
   1.0231796e-01   2.3157847e-01   0.0000000e+00
   6.6794663e-01   6.1964869e-01   1.0000000e+00
   1.0016284e+00   6.4814476e-02   1.0000000e+00
   9.0405958e-01   5.4540463e-01   0.0000000e+00
   1.1962651e+00   5.7778964e-01   0.0000000e+00
   5.1385681e-02   8.4297017e-01   1.0000000e+00
   9.5297354e-01   4.6744204e-01   1.0000000e+00
   3.4479431e-01   8.5760051e-01   1.0000000e+00
   6.0301043e-01   6.2245809e-01   0.0000000e+00
   7.7213623e-01   2.7902705e-01   1.0000000e+00
   4.8642944e-01   2.0571756e-01   0.0000000e+00
   7.0893885e-02   1.4654181e-01   0.0000000e+00
   2.3947930e-01   1.0154824e+00   1.0000000e+00
   1.4247074e-01   1.7814562e-01   0.0000000e+00
   2.9988272e-02   1.0354931e+00   1.0000000e+00
   5.1134925e-01   8.1179368e-01   0.0000000e+00
   1.0107144e+00   9.9591305e-01   0.0000000e+00
   1.0392225e+00   3.4034609e-01   1.0000000e+00
   4.5078306e-01   9.5542878e-02   0.0000000e+00
   6.2603327e-01   8.4204323e-01   1.0000000e+00
   9.0032412e-02   1.2987524e-01   0.0000000e+00
   8.5832075e-01   4.6429955e-01   1.0000000e+00
   1.7363484e-01   6.9048910e-01   0.0000000e+00
   3.9757775e-01   5.6693897e-01   0.0000000e+00
   1.6150285e-01   7.0918846e-01   1.0000000e+00
   1.5457055e-01   1.2039533e+00   1.0000000e+00
   2.4864384e-01   9.2874295e-01   1.0000000e+00
  -1.0429772e-01   3.9056109e-02   0.0000000e+00
   6.0728487e-01   5.9971167e-01   0.0000000e+00
   7.3766658e-01   1.2160893e+00   0.0000000e+00
   6.9602111e-01   1.0394541e+00   0.0000000e+00
   1.0655966e+00   3.2890776e-01   1.0000000e+00
   7.3055633e-02   3.2143832e-01   0.0000000e+00
   4.2021642e-02   6.2415644e-01   1.0000000e+00
   9.0517716e-01   3.4963319e-01   1.0000000e+00
   5.5675928e-01   6.1319558e-01   1.0000000e+00
   1.5868487e-01   4.1548976e-01   0.0000000e+00
   2.8717481e-01   5.1634225e-01   0.0000000e+00
   1.1032973e+00  -2.0203028e-02   1.0000000e+00
   7.0758212e-01   2.2079116e-01   1.0000000e+00
   1.1623597e+00   2.1511987e-01   1.0000000e+00
   7.9232892e-01   1.1179665e+00   0.0000000e+00
   6.3534192e-01   5.9735445e-01   1.0000000e+00
   3.2567860e-01   1.1196395e-01   0.0000000e+00
   5.7164938e-01   9.4742955e-01   0.0000000e+00
   5.8347808e-01   3.6044052e-01   1.0000000e+00
   3.1990878e-01   6.9635106e-01   0.0000000e+00
   1.0868381e+00   4.2927580e-01   1.0000000e+00
   8.4978827e-01   9.7335793e-01   0.0000000e+00
   4.9649323e-01   8.6815140e-01   0.0000000e+00
   7.3983898e-01   8.2758846e-01   0.0000000e+00
   8.0030149e-01   1.0234904e-01   1.0000000e+00
   3.5914450e-01   1.1445728e+00   1.0000000e+00
   9.0531194e-01   3.7471956e-01   1.0000000e+00
   9.0854136e-01   7.2551069e-02   1.0000000e+00
   4.8563006e-01   7.9572257e-02   1.0000000e+00
   6.4199955e-01   3.3613952e-01   0.0000000e+00
   6.0631922e-01   9.9110094e-01   0.0000000e+00
  -6.9030083e-02   1.0575272e+00   1.0000000e+00
   9.4209900e-01   6.6359270e-01   0.0000000e+00
   1.1761663e+00   5.4106132e-01   1.0000000e+00
   1.1125165e+00   7.9487215e-01   0.0000000e+00
   9.2641852e-01   8.2825726e-01   0.0000000e+00
   4.7997016e-01   8.5259308e-01   1.0000000e+00
   9.6491951e-01   8.9733129e-01   0.0000000e+00
   8.6225676e-01   6.7623573e-01   1.0000000e+00
   4.0165092e-01   5.1472425e-01   0.0000000e+00
   3.2312713e-01  -2.1976067e-02   0.0000000e+00
   5.1694872e-01   1.0194802e+00   0.0000000e+00
   3.8333216e-01   1.6799090e-01   0.0000000e+00
   7.2302359e-01   1.0168028e+00   0.0000000e+00
   1.1669114e+00   6.8798177e-01   1.0000000e+00
   2.6749071e-01   1.1013047e+00   1.0000000e+00
   3.2254926e-01  -3.2669306e-01   0.0000000e+00
   8.2979816e-01   2.7444971e-01   1.0000000e+00
   2.8322759e-01   6.4710201e-01   1.0000000e+00
  -3.1723278e-02   2.5640874e-01   0.0000000e+00
   5.6827184e-01   5.8887200e-01   1.0000000e+00
   1.2203198e+00   6.6801285e-01   0.0000000e+00
   4.3255565e-01   4.2300130e-01   0.0000000e+00
   4.1798750e-03   8.2431256e-01   1.0000000e+00
   1.6552046e-01   1.1462674e+00   1.0000000e+00
  -1.7686649e-01   8.2767244e-01   1.0000000e+00
   1.5365339e-01   2.7722619e-01   0.0000000e+00
  -8.2955504e-02   9.2389471e-01   1.0000000e+00
   3.5869411e-01   4.9139082e-01   1.0000000e+00
   2.4621896e-01   9.2603991e-01   1.0000000e+00
   7.5307513e-01   4.2599473e-01   0.0000000e+00
   7.1322286e-01   2.8285578e-01   1.0000000e+00
   3.7586360e-01   7.2908125e-01   1.0000000e+00
   1.7794108e-01   2.7993336e-01   0.0000000e+00
   3.2329786e-01   9.5423277e-01   1.0000000e+00
   3.0057480e-01   3.8111702e-01   1.0000000e+00
   2.8006129e-01   4.1188780e-01   1.0000000e+00
  -1.0739781e-01   8.4317883e-02   0.0000000e+00
   4.9719131e-02   7.2435208e-01   1.0000000e+00
   6.2085842e-01   3.1855153e-01   1.0000000e+00
   3.6921201e-01   1.3376073e-01   0.0000000e+00
   7.2214371e-01   3.9532042e-01   1.0000000e+00
  -2.6592775e-02   3.4196898e-01   0.0000000e+00
   8.2433226e-02   9.2346257e-01   1.0000000e+00
   8.4790885e-01   7.0769242e-01   0.0000000e+00
   1.0948434e-01   5.3306209e-01   0.0000000e+00
  -9.4322627e-02   6.0714290e-01   1.0000000e+00
   3.8280976e-01   7.5875884e-01   0.0000000e+00
   7.3644816e-01   4.0676695e-02   1.0000000e+00
   1.3442248e-01   1.0800937e+00   1.0000000e+00
   3.0447029e-01  -7.3101500e-02   1.0000000e+00
   3.8679510e-01   8.8102006e-01   1.0000000e+00
   3.9698894e-01   1.4586551e-01   0.0000000e+00
   1.3279551e-01   1.0233077e-01   0.0000000e+00
   6.9974434e-01   7.6567358e-02   1.0000000e+00
   9.5312609e-01   8.0999710e-01   0.0000000e+00
   8.3901493e-01   7.9074914e-01   0.0000000e+00
   1.0095302e+00   6.6991406e-01   0.0000000e+00
   7.9143101e-01   4.8616666e-01   0.0000000e+00
   8.4468527e-01  -2.4688924e-01   1.0000000e+00
   9.0990199e-01   7.4668290e-01   0.0000000e+00
   1.0960143e+00   3.9068455e-01   1.0000000e+00
   5.6804119e-01   8.6581964e-01   1.0000000e+00
   5.6839639e-01   5.1227114e-02   1.0000000e+00
   1.0105533e+00   3.2393933e-03   1.0000000e+00
   1.3276908e+00  -3.2241205e-02   1.0000000e+00
   1.7480931e-01   7.0828159e-01   1.0000000e+00
   1.1625830e+00   9.4670522e-02   1.0000000e+00
   1.8774887e-01   8.0754344e-01   1.0000000e+00
   3.8569594e-01   6.8739218e-01   1.0000000e+00
   2.0490700e-01   9.3835615e-01   1.0000000e+00
   4.7025786e-01   9.6579964e-01   1.0000000e+00
   3.1577364e-01   3.9549116e-01   0.0000000e+00
   3.0586809e-01   6.0604408e-01   1.0000000e+00
   9.5001692e-01   6.2608368e-02   1.0000000e+00
   1.3978217e-01   5.9146790e-02   0.0000000e+00
   7.4485369e-01   7.8452735e-01   0.0000000e+00
   8.8831675e-01   8.5591705e-01   0.0000000e+00
   6.2344041e-01   9.9905408e-01   0.0000000e+00
  -1.3786512e-01   8.8270799e-02   0.0000000e+00
   3.3303351e-01   7.1487714e-01   1.0000000e+00
   6.0894636e-01   6.7478086e-01   0.0000000e+00
   1.6114098e-01   8.1997695e-01   1.0000000e+00
   2.2523947e-01   7.9419888e-01   1.0000000e+00
  -3.3029641e-02   2.2748792e-01   0.0000000e+00
  -1.8048595e-02   2.1079046e-01   0.0000000e+00
   1.7214219e-01   4.2567810e-01   1.0000000e+00
   4.6393968e-01   8.9573124e-01   1.0000000e+00
   9.5283561e-01   3.5763704e-01   1.0000000e+00
   8.9981125e-01   3.6216680e-01   1.0000000e+00
   9.3163946e-01   7.5021873e-01   0.0000000e+00
  -1.3497181e-01   8.3829162e-01   1.0000000e+00
   7.3891183e-01   1.0082953e+00   0.0000000e+00
   1.4573387e-01   1.1220263e-01   0.0000000e+00
   7.8477452e-01   9.6800420e-01   0.0000000e+00
  -8.9130457e-02   2.4386702e-01   0.0000000e+00
  -9.5865403e-04   8.4182191e-01   1.0000000e+00
  -4.7712813e-02   4.3110522e-01   0.0000000e+00
   6.6775897e-01   9.7763556e-01   0.0000000e+00
   6.5354695e-01   4.7092473e-01   1.0000000e+00
   2.7254716e-01   2.9660874e-01   0.0000000e+00
   2.4103590e-01   3.4523990e-01   0.0000000e+00
   3.1434892e-01   8.2444804e-01   0.0000000e+00
   8.3651799e-01  -5.0117120e-02   1.0000000e+00
   1.0476577e+00  -2.2041244e-01   1.0000000e+00
   1.6511720e-01   7.6283760e-02   0.0000000e+00
   1.0491169e+00   2.3729132e-02   1.0000000e+00
   6.0438550e-01   2.9852450e-01   1.0000000e+00
   2.2852094e-01   8.0809533e-01   1.0000000e+00
   6.7571908e-01  -1.0009126e-01   1.0000000e+00
   1.1196064e+00   7.2697457e-01   1.0000000e+00
   1.0583961e+00   6.8300527e-01   0.0000000e+00
   9.0926493e-02   1.1997748e+00   1.0000000e+00
   2.4651925e-01   8.0855405e-01   1.0000000e+00
   5.7410097e-01   8.8474648e-01   0.0000000e+00
   3.5797854e-02   3.1684590e-01   0.0000000e+00
   6.4884535e-01   6.4494036e-01   0.0000000e+00
   6.3318903e-01   8.7411468e-01   0.0000000e+00
   8.6577561e-01   7.7307168e-01   0.0000000e+00
   5.0309439e-01   3.6478250e-01   1.0000000e+00
   7.0475396e-01   8.9834319e-01   0.0000000e+00
  -2.2695263e-01   7.1964828e-01   1.0000000e+00
   9.1209992e-01   3.7315840e-01   0.0000000e+00
   6.3781202e-01   5.2523132e-01   1.0000000e+00
   2.4090685e-01   1.0865957e+00   1.0000000e+00
   1.3764376e-01  -1.8423875e-01   0.0000000e+00
   5.6853267e-01  -1.9519378e-01   0.0000000e+00
   8.2610350e-01   1.2832363e-01   1.0000000e+00
   8.4014752e-01   9.1296043e-02   1.0000000e+00
   1.8027398e-01   9.2555560e-01   1.0000000e+00
   1.8328150e-01   1.8908009e-01   0.0000000e+00
   2.0642158e-01   4.2249059e-01   0.0000000e+00
   8.2487087e-01   1.8417220e-01   1.0000000e+00
   4.0682269e-01   2.7001787e-01   1.0000000e+00
   1.0870509e+00   7.8522628e-01   0.0000000e+00
   7.8348459e-01   6.5152658e-01   0.0000000e+00
   7.7754150e-01   7.2014022e-01   0.0000000e+00
   6.9857478e-02  -2.6762502e-01   0.0000000e+00
   1.0949491e-01   5.3483431e-01   0.0000000e+00
   7.7704075e-01   1.1575519e-01   1.0000000e+00
   7.1866968e-01   1.1714718e-01   1.0000000e+00
  -1.0145365e-01  -1.6190890e-01   0.0000000e+00
  -2.0643037e-01   1.1201087e-01   0.0000000e+00
   3.6589914e-01   5.7272440e-01   1.0000000e+00
   9.9670244e-01   2.1501287e-01   1.0000000e+00
   1.0790352e+00  -1.0607529e-01   1.0000000e+00
   1.6215265e-01  -1.9803715e-01   0.0000000e+00
   8.9832381e-01  -4.0500574e-02   1.0000000e+00
   3.2031533e-01   1.6968374e-02   0.0000000e+00
   3.5471207e-01   9.7995768e-01   1.0000000e+00
   4.1478680e-01   3.3468951e-01   1.0000000e+00
   1.0355668e+00   5.1723791e-01   1.0000000e+00
   3.7274110e-01   9.2284514e-01   1.0000000e+00
   4.5634399e-01   4.2815995e-01   1.0000000e+00
   2.8736369e-01   7.4653471e-01   1.0000000e+00
   6.6340958e-01   2.0336744e-01   1.0000000e+00
  -1.5867625e-02   1.6093394e-01   0.0000000e+00
   4.1038531e-01   1.2434180e-01   0.0000000e+00
   9.4249434e-01   3.6245426e-01   1.0000000e+00
   3.2100055e-01   9.9797808e-01   0.0000000e+00
   1.2113702e+00   4.8221376e-01   0.0000000e+00
   5.6240712e-01   5.5970706e-01   0.0000000e+00
   8.9026131e-01   3.8837315e-01   1.0000000e+00
   9.1666249e-01   5.9763690e-01   0.0000000e+00
   1.0224731e+00  -4.4448771e-02   1.0000000e+00
   7.0725935e-01   4.5864970e-01   0.0000000e+00
   1.0862863e+00   1.0253225e-01   1.0000000e+00
   2.7572754e-01   5.3534343e-01   0.0000000e+00
   8.8147490e-01   6.7621994e-01   0.0000000e+00
   7.5979769e-01   6.8216030e-01   0.0000000e+00
   5.0345004e-01   1.0583777e+00   0.0000000e+00
   5.2269692e-01   8.2962165e-02   1.0000000e+00
   1.0316552e+00  -4.5845170e-02   1.0000000e+00
   1.0993550e+00   1.0744684e+00   0.0000000e+00
  -8.2996357e-02   4.6905897e-01   0.0000000e+00
   1.3351348e-01  -4.0858630e-02   0.0000000e+00
   9.8043783e-01   9.8247699e-01   0.0000000e+00
   8.0131449e-01   1.1090300e+00   0.0000000e+00
   8.4708995e-01   1.0209750e+00   0.0000000e+00
   9.0109217e-01   9.9132882e-02   1.0000000e+00
   4.1738745e-01   1.0395007e+00   0.0000000e+00
   1.0568804e+00   3.7758120e-01   1.0000000e+00
   8.0662377e-01  -4.1288698e-02   1.0000000e+00
   2.8370777e-01   3.5675180e-01   0.0000000e+00
   3.0885939e-01   7.1149913e-01   1.0000000e+00
   6.4289044e-01  -8.8394135e-02   1.0000000e+00
   9.1980830e-01   1.2864554e-01   1.0000000e+00
   1.1581198e+00   7.4330338e-01   0.0000000e+00
   3.4455606e-01   1.1409869e+00   1.0000000e+00
   1.4265779e-01  -1.4545272e-01   0.0000000e+00
   8.2947133e-01   3.7492620e-01   1.0000000e+00
  -9.3355252e-02   5.2646049e-01   0.0000000e+00
  -1.2100790e-02   7.8597327e-01   1.0000000e+00
   7.5509283e-01   1.3325551e-01   1.0000000e+00
   4.1234128e-01   7.3929201e-01   1.0000000e+00
   1.9805845e-01   1.2096903e-01   0.0000000e+00
   9.4389237e-02   6.0244617e-01   1.0000000e+00
   3.7748673e-02   6.7975686e-01   1.0000000e+00
   4.0280729e-02   8.7816096e-01   1.0000000e+00
   1.3475932e-01  -4.1120725e-03   0.0000000e+00
   6.3570420e-01   5.2666093e-01   1.0000000e+00
  -4.2601269e-03   7.1597838e-01   1.0000000e+00
  -3.7919910e-01   1.8770075e-01   0.0000000e+00
  -2.0315996e-01   6.5069157e-01   1.0000000e+00
  -1.3575432e-02   2.2156738e-01   0.0000000e+00
  -1.4657922e-02   4.7976965e-01   0.0000000e+00
   1.5416981e-01   1.1095292e+00   1.0000000e+00
   5.5792258e-01   1.6658251e-02   1.0000000e+00
   8.7630605e-01   3.8605002e-01   1.0000000e+00
   4.3495677e-01  -9.1655387e-02   0.0000000e+00
   6.6510065e-01   5.7369162e-01   1.0000000e+00
   2.6197937e-01   7.0734204e-01   1.0000000e+00
   7.1822334e-01   8.9647645e-01   0.0000000e+00
   9.7875481e-01   2.7292075e-01   1.0000000e+00
   1.0282801e+00   9.5235292e-01   0.0000000e+00
   3.4629670e-01   6.7610082e-01   0.0000000e+00
   4.2046123e-01   9.2095046e-01   1.0000000e+00
   1.6136339e-01   1.1511973e+00   1.0000000e+00
   2.4420823e-01   1.1062523e-02   0.0000000e+00
   7.4450011e-01   7.7270700e-01   0.0000000e+00
   2.0596061e-01   9.1937140e-01   1.0000000e+00
   1.1562848e+00   2.2049124e-01   1.0000000e+00
   1.6878340e-01   8.0529636e-01   1.0000000e+00
  -2.7638053e-01   1.1018457e-01   0.0000000e+00
   9.9751698e-01   6.8667028e-01   0.0000000e+00
   4.1553180e-01   9.3781234e-01   1.0000000e+00
   1.0945564e+00  -5.9396331e-02   1.0000000e+00
   1.1692503e-01   9.3361884e-01   1.0000000e+00
   2.1610714e-01   8.9666757e-01   1.0000000e+00
   1.2459654e-01   5.6387676e-01   1.0000000e+00
   7.1096731e-01  -3.1487492e-01   1.0000000e+00
  -5.1882600e-02   9.7896423e-01   1.0000000e+00
   6.5918081e-01   3.9439037e-01   1.0000000e+00
   1.1442855e+00   3.3338661e-01   1.0000000e+00
   1.2436596e+00   6.3352727e-01   1.0000000e+00
   4.6109877e-01   5.8258299e-01   1.0000000e+00
   2.1844058e-01   2.7232380e-01   0.0000000e+00
   9.2411973e-01   7.0846609e-01   0.0000000e+00
   7.3749718e-01   7.4510935e-01   0.0000000e+00
   3.1587491e-01   1.1501273e+00   1.0000000e+00
   8.6460741e-01   9.9597467e-01   0.0000000e+00
   9.2896684e-01   2.1752289e-01   1.0000000e+00
   5.5703709e-01   3.3252070e-01   0.0000000e+00
   8.3951418e-01  -1.3569665e-01   1.0000000e+00
   2.6469155e-01   1.1659422e+00   1.0000000e+00
   6.7533033e-01   1.0479894e-01   1.0000000e+00
   9.9805773e-01   7.1984284e-01   0.0000000e+00
   4.6724626e-02   1.2172877e+00   1.0000000e+00
   3.1958232e-01   8.6447464e-01   1.0000000e+00
   6.7555374e-01   4.3410600e-01   1.0000000e+00
   7.4979054e-01   1.0940610e-01   1.0000000e+00
   1.9404343e-01   9.7095370e-01   1.0000000e+00
   8.6277288e-02   6.2697302e-01   0.0000000e+00
   6.8294023e-01   7.4932644e-02   1.0000000e+00
   1.2700044e-01   5.0472774e-01   0.0000000e+00
   6.3273231e-02   3.7790225e-01   1.0000000e+00
   7.5667902e-01   1.7094579e-01   1.0000000e+00
  -1.4168123e-01   2.4191325e-01   0.0000000e+00
   1.0527710e-01  -3.1983381e-03   0.0000000e+00
   5.6162023e-01   3.7588982e-01   1.0000000e+00
   9.3065977e-01   1.5543254e-01   1.0000000e+00
   8.2607792e-01   9.5138665e-01   0.0000000e+00
   8.2105285e-01   3.6363983e-01   0.0000000e+00
   5.4544286e-02   3.2604271e-01   0.0000000e+00
   7.0062084e-01   2.1744764e-01   1.0000000e+00
   1.0241643e+00   2.1687596e-01   1.0000000e+00
   1.0999231e+00   2.9784556e-01   1.0000000e+00
   1.7081020e-01   8.6310959e-01   1.0000000e+00
   6.4512177e-02  -1.0592834e-01   0.0000000e+00
   1.5645336e-01  -2.1217308e-01   0.0000000e+00
   6.9337094e-01   4.4167008e-01   0.0000000e+00
   7.6718675e-01   1.3766261e-01   1.0000000e+00
   1.0518647e+00  -9.4525281e-02   1.0000000e+00
   9.5533614e-01   4.5126577e-01   1.0000000e+00
   1.6424250e-01   1.9724919e-01   0.0000000e+00
   8.6660591e-01   7.3015303e-01   0.0000000e+00
  -1.3471208e-01   1.7461324e-01   0.0000000e+00
  -1.0382832e-01   1.3382390e-01   0.0000000e+00
  -2.0175561e-01   4.3717080e-01   1.0000000e+00
   6.7584970e-01   1.3328217e+00   0.0000000e+00
   7.2201881e-01   1.0922942e+00   0.0000000e+00
   9.0536178e-02   4.4326761e-01   0.0000000e+00
   4.7925535e-01   6.2864479e-01   1.0000000e+00
   5.5848735e-01   8.2169805e-01   0.0000000e+00
   8.3363430e-01   7.5010484e-01   0.0000000e+00
   7.3649794e-01   8.4581465e-01   0.0000000e+00
   9.1484235e-01   7.1539280e-01   0.0000000e+00
   3.1442279e-01   8.3587444e-01   1.0000000e+00
   2.9363142e-01   4.2761229e-01   0.0000000e+00
   3.2797384e-01   6.3427474e-01   1.0000000e+00
   2.9702596e-01   7.3304277e-01   1.0000000e+00
   1.6769622e-01   6.3980324e-01   1.0000000e+00
   6.5927160e-01   3.3164377e-01   0.0000000e+00
   1.1929907e+00   5.9325865e-01   1.0000000e+00
   6.9041437e-01   7.5273378e-01   0.0000000e+00
  -9.6826483e-02   3.8803312e-01   1.0000000e+00
   3.4027767e-02   8.0537086e-01   1.0000000e+00
   3.1606589e-01   7.3110153e-01   0.0000000e+00
   2.9440386e-01  -8.9555437e-02   0.0000000e+00
   1.0778605e+00   4.8205636e-01   1.0000000e+00
  -3.2235360e-02   1.4516976e-02   0.0000000e+00
   7.1357839e-01   5.7742113e-01   0.0000000e+00
   9.5847429e-02   4.1853661e-01   0.0000000e+00
   6.4686953e-01   7.3947450e-01   0.0000000e+00
   5.7670974e-01   1.2928499e-01   1.0000000e+00
   7.5097025e-01   1.0931233e+00   0.0000000e+00
   4.0516161e-01  -8.4024468e-02   0.0000000e+00
   2.3361972e-02  -1.4317091e-02   0.0000000e+00
   8.8086305e-01   1.0868669e-01   1.0000000e+00
   1.0528809e+00   1.0210213e-01   1.0000000e+00
   7.5599163e-01   3.7668262e-01   0.0000000e+00
  -1.3744508e-02   3.2007934e-01   1.0000000e+00
   4.4842264e-01  -2.2492312e-01   0.0000000e+00
   1.6084891e-01   1.0715716e+00   1.0000000e+00
   6.6577136e-01   9.4119014e-01   0.0000000e+00
   9.0195597e-01  -7.5944245e-02   1.0000000e+00
   7.8491243e-01   5.1500850e-01   0.0000000e+00
   1.1052553e+00   2.9830662e-01   1.0000000e+00
   1.7859849e-01   2.8903893e-01   1.0000000e+00
   8.7664669e-01   9.2038503e-01   0.0000000e+00
   3.5328349e-01   9.2800348e-01   1.0000000e+00
   2.8661287e-01   2.1101997e-01   0.0000000e+00
  -5.9316385e-02   1.7962882e-01   0.0000000e+00
   1.0401460e-01   3.3692002e-01   0.0000000e+00
   6.1761541e-01   2.5850156e-01   1.0000000e+00
   7.6703307e-01   8.0157292e-01   0.0000000e+00
   1.0059872e+00   5.2674200e-01   1.0000000e+00
   1.2831178e+00   9.4800238e-01   0.0000000e+00
   1.8339068e-01   1.0082134e+00   1.0000000e+00
   6.8298734e-02   1.2327876e+00   1.0000000e+00
   7.4208178e-01   7.0743247e-02   1.0000000e+00
  -8.8855698e-03   4.7343282e-01   1.0000000e+00
   1.8288845e-01  -9.1355948e-02   0.0000000e+00
   2.6414339e-01   1.6701405e-01   0.0000000e+00
   6.8808359e-02   2.3710977e-01   0.0000000e+00
   7.7327973e-01   3.9381340e-01   0.0000000e+00
   8.5023628e-01   7.4419070e-01   0.0000000e+00
   1.0428304e+00   1.9205826e-01   1.0000000e+00
   1.0463293e+00  -2.4484335e-01   1.0000000e+00
  -2.2123779e-01   4.1170955e-01   0.0000000e+00
   1.0004711e+00   3.4795207e-01   1.0000000e+00
  -1.4843728e-01   1.3339155e+00   1.0000000e+00
   3.2801394e-01   6.2445419e-01   1.0000000e+00
   5.0392694e-01   1.0588666e+00   0.0000000e+00
  -6.5770851e-02   9.7983198e-01   1.0000000e+00
   6.0097962e-01   5.0066815e-01   1.0000000e+00
   1.4212515e-01   1.0156768e+00   1.0000000e+00
   5.7110435e-01   3.6526520e-01   1.0000000e+00
   9.4299969e-02   6.5544311e-01   1.0000000e+00
   1.0046357e+00   2.2134776e-01   1.0000000e+00
   1.7408197e-01   1.5653405e-01   0.0000000e+00
   5.8202330e-01   9.2722648e-01   1.0000000e+00
   2.3468836e-01   6.5493660e-01   1.0000000e+00
   2.8952272e-01   6.5520761e-02   0.0000000e+00
   8.0525390e-01   2.5372736e-01   1.0000000e+00
   1.9650929e-01   7.3743558e-01   1.0000000e+00
   3.2791651e-01   1.6205692e-01   0.0000000e+00
  -1.5995930e-02   1.0261081e+00   1.0000000e+00
   5.5521447e-01   1.0836491e+00   0.0000000e+00
   2.1394366e-01  -6.2417605e-02   0.0000000e+00
  -7.5652980e-02   5.7150093e-01   0.0000000e+00
   9.6619135e-01   8.6866960e-01   0.0000000e+00
   2.9422483e-01   6.4711097e-01   1.0000000e+00
   8.6153665e-01   8.7369138e-01   0.0000000e+00
   6.0477357e-01   6.4466935e-01   0.0000000e+00
   1.1725328e+00  -1.5132595e-02   1.0000000e+00
   1.0025125e+00   3.0659882e-01   1.0000000e+00
   2.4308885e-01   5.5150161e-01   1.0000000e+00
   2.9811845e-02   4.4327156e-01   0.0000000e+00
   2.5638430e-01   4.8888400e-01   1.0000000e+00
   1.5023234e-01   5.0841840e-01   1.0000000e+00
   2.8827196e-01   1.1335155e+00   1.0000000e+00
   9.2434624e-01   1.7831543e-01   1.0000000e+00
   1.1537731e+00   9.8684406e-01   0.0000000e+00
   7.4562783e-01   9.1831294e-01   0.0000000e+00
   2.7599498e-01   9.7045518e-01   1.0000000e+00
   2.0739044e-01   1.0118281e+00   1.0000000e+00
   2.6251028e-01   1.1544002e+00   1.0000000e+00
   8.7370387e-01   3.2701827e-01   0.0000000e+00
   4.2049942e-01   6.4486991e-02   0.0000000e+00
   4.7663371e-01   2.8944166e-02   0.0000000e+00
   3.2430231e-01   2.0032033e-01   0.0000000e+00
  -9.6877191e-02   3.1534574e-01   0.0000000e+00
   9.7032950e-01   1.2312201e-01   1.0000000e+00
   6.1387038e-01   6.8303320e-01   0.0000000e+00
   1.4997457e-01   3.4099458e-01   0.0000000e+00
   5.5615040e-01   4.0098538e-02   1.0000000e+00
  -5.8137693e-02   3.1553206e-01   0.0000000e+00
   7.1012953e-01   7.5076155e-01   0.0000000e+00
   1.0454204e-01   3.3647773e-01   0.0000000e+00
   6.7937325e-01   4.3906286e-01   1.0000000e+00
   5.4500692e-01   1.0137467e-01   0.0000000e+00
   4.5553738e-02   6.4542957e-01   1.0000000e+00
   6.2087611e-01   2.7691252e-01   1.0000000e+00
   5.5906394e-02   6.1685768e-01   1.0000000e+00
   4.6492911e-01   1.1914628e-01   1.0000000e+00
   1.6503720e-02   2.5518199e-01   0.0000000e+00
  -6.4504245e-02   7.5307513e-01   1.0000000e+00
  -3.4729470e-01   8.8044917e-01   1.0000000e+00
   8.8637212e-01   5.8688344e-01   0.0000000e+00
   5.1645576e-01  -6.1029260e-02   1.0000000e+00
   2.9006741e-01   6.7517296e-01   1.0000000e+00
   5.3055722e-01  -3.3907055e-02   1.0000000e+00
   4.5230855e-01   4.1266201e-01   1.0000000e+00
   3.2302846e-01   1.1232443e+00   1.0000000e+00
   1.1148321e+00   6.3951108e-01   0.0000000e+00
   6.9612850e-01   6.1412743e-01   0.0000000e+00
   1.6795411e-01   2.3045545e-01   0.0000000e+00
  -1.3626858e-01   8.9673704e-01   1.0000000e+00
   8.4964401e-01   7.8979906e-01   0.0000000e+00
  -1.3303911e-01   2.6507643e-01   0.0000000e+00
   4.6767847e-01  -4.4249587e-02   0.0000000e+00
   4.7619379e-01   2.6586757e-01   0.0000000e+00
  -3.4772742e-03   2.1924905e-01   0.0000000e+00
   2.6624629e-01   4.9086579e-01   1.0000000e+00
   6.5677038e-01   5.6859124e-01   0.0000000e+00
   5.3720468e-01   7.8740161e-01   0.0000000e+00
  -2.2765508e-02  -1.4191260e-02   0.0000000e+00
   8.9810261e-01   3.3518750e-01   0.0000000e+00
   5.6157582e-01   1.6714333e-01   0.0000000e+00
   1.3968490e-01   5.0530398e-02   0.0000000e+00
   9.8789878e-01   1.0853173e+00   0.0000000e+00
   6.9385191e-01  -9.4203593e-02   1.0000000e+00
   7.8112029e-01   9.5252979e-01   0.0000000e+00
   4.0790292e-01   2.7559213e-01   0.0000000e+00
  -4.6180599e-02   1.6531721e-01   0.0000000e+00
   4.1747247e-01   7.8481964e-01   1.0000000e+00
   4.4738313e-01   8.4995370e-01   1.0000000e+00
   1.0980106e+00   5.4618400e-02   1.0000000e+00
   5.2800358e-01   7.6738926e-01   0.0000000e+00
   5.3080920e-01   7.3906813e-01   0.0000000e+00
   7.6716540e-01   1.1343475e-01   1.0000000e+00
   6.2185661e-01   6.4675084e-01   0.0000000e+00
   4.4863830e-01   7.6571226e-01   1.0000000e+00
  -2.1580018e-01   1.1094161e+00   1.0000000e+00
   1.0464934e+00   8.7458168e-01   0.0000000e+00
   3.8766113e-01   6.2576898e-01   0.0000000e+00
   4.1321658e-01   3.7708423e-01   0.0000000e+00
   7.1908276e-01   2.5224080e-01   1.0000000e+00
   4.7582073e-01   7.7204128e-01   0.0000000e+00
   6.2007903e-01   5.9586276e-02   1.0000000e+00
   6.5037602e-01   6.2318693e-01   0.0000000e+00
   2.5700861e-01   5.2498320e-01   0.0000000e+00
   9.9856258e-01   4.7986009e-01   0.0000000e+00
   6.5088023e-01   8.0994500e-01   0.0000000e+00
   3.1758269e-01   6.4441433e-01   1.0000000e+00
   2.3232462e-01  -1.0492706e-01   0.0000000e+00
   6.7535872e-01   7.9985361e-02   1.0000000e+00
   2.4136676e-01   3.2244410e-01   0.0000000e+00
   6.5921917e-01   9.6067400e-01   0.0000000e+00
   8.7606169e-01   1.2444191e+00   0.0000000e+00
   8.8399410e-01   1.1610470e+00   0.0000000e+00
   9.1405172e-01   5.7637923e-01   0.0000000e+00
   4.9362825e-01   1.0145360e+00   0.0000000e+00
   4.0024909e-01   1.0706366e+00   0.0000000e+00
   7.2882706e-01   9.4783567e-01   0.0000000e+00
   1.5286603e-01   1.2236316e+00   1.0000000e+00
   2.0692702e-01   5.1502279e-01   1.0000000e+00
   9.0964987e-02   2.5530302e-01   0.0000000e+00
   2.9802671e-01   5.4100275e-01   1.0000000e+00
  -1.5657435e-01   5.2729051e-01   1.0000000e+00
   4.2958702e-01   1.4337997e-01   0.0000000e+00
   1.5360854e-01   6.3566921e-01   1.0000000e+00
   4.4483406e-01   2.8604792e-01   0.0000000e+00
   6.4412774e-01   1.2020339e+00   0.0000000e+00
   6.6834261e-01   3.3557109e-01   1.0000000e+00
   5.5339560e-01   8.0738176e-01   0.0000000e+00
   4.3957208e-01   1.3795763e+00   0.0000000e+00
   3.4659335e-01  -1.6938164e-02   0.0000000e+00
   9.6523634e-01   1.1678978e+00   0.0000000e+00
   2.7594241e-01   1.1067812e+00   1.0000000e+00
   7.3436749e-01   7.1593168e-01   0.0000000e+00
   4.2582938e-01   1.6158521e-01   0.0000000e+00
   1.1091901e+00   5.5137105e-01   0.0000000e+00
   6.3070307e-01  -8.8312325e-02   1.0000000e+00
   5.1103436e-01   2.7562238e-01   0.0000000e+00
   6.6100618e-01   5.6343888e-01   0.0000000e+00
   8.6265741e-02   6.0167680e-02   0.0000000e+00
   6.2263084e-03   7.1778552e-01   1.0000000e+00
   4.3837901e-01   6.5678718e-02   0.0000000e+00
   3.1808909e-01   9.9376327e-01   1.0000000e+00
   1.2605071e+00   5.1612267e-01   0.0000000e+00
   3.4703851e-01   6.1538023e-01   1.0000000e+00
   8.0975883e-01   9.4924705e-01   0.0000000e+00
   1.6931426e-01   1.5710825e-01   0.0000000e+00
   8.7610064e-01   9.8298635e-01   0.0000000e+00
