  -2.0000000e+00  -2.0000000e+00   1.0470085e-03
  -2.0000000e+00  -1.9000000e+00   1.2203807e-03
  -2.0000000e+00  -1.8000000e+00   1.3997024e-03
  -2.0000000e+00  -1.7000000e+00   1.5796881e-03
  -2.0000000e+00  -1.6000000e+00   1.7542933e-03
  -2.0000000e+00  -1.5000000e+00   1.9170275e-03
  -2.0000000e+00  -1.4000000e+00   2.0613404e-03
  -2.0000000e+00  -1.3000000e+00   2.1810536e-03
  -2.0000000e+00  -1.2000000e+00   2.2707964e-03
  -2.0000000e+00  -1.1000000e+00   2.3264050e-03
  -2.0000000e+00  -1.0000000e+00   2.3452422e-03
  -2.0000000e+00  -9.0000000e-01   2.3264051e-03
  -2.0000000e+00  -8.0000000e-01   2.2707965e-03
  -2.0000000e+00  -7.0000000e-01   2.1810536e-03
  -2.0000000e+00  -6.0000000e-01   2.0613405e-03
  -2.0000000e+00  -5.0000000e-01   1.9170277e-03
  -2.0000000e+00  -4.0000000e-01   1.7542938e-03
  -2.0000000e+00  -3.0000000e-01   1.5796890e-03
  -2.0000000e+00  -2.0000000e-01   1.3997039e-03
  -2.0000000e+00  -1.0000000e-01   1.2203832e-03
  -2.0000000e+00   0.0000000e+00   1.0470125e-03
  -2.0000000e+00   1.0000000e-01   8.8390063e-04
  -2.0000000e+00   2.0000000e-01   7.3426278e-04
  -2.0000000e+00   3.0000000e-01   6.0020158e-04
  -2.0000000e+00   4.0000000e-01   4.8277220e-04
  -2.0000000e+00   5.0000000e-01   3.8211178e-04
  -2.0000000e+00   6.0000000e-01   2.9761041e-04
  -2.0000000e+00   7.0000000e-01   2.2810095e-04
  -2.0000000e+00   8.0000000e-01   1.7204762e-04
  -2.0000000e+00   9.0000000e-01   1.2771775e-04
  -2.0000000e+00   1.0000000e+00   9.3326259e-05
  -2.0000000e+00   1.1000000e+00   6.7147515e-05
  -2.0000000e+00   1.2000000e+00   4.7593653e-05
  -2.0000000e+00   1.3000000e+00   3.3262030e-05
  -2.0000000e+00   1.4000000e+00   2.2956534e-05
  -2.0000000e+00   1.5000000e+00   1.5688690e-05
  -2.0000000e+00   1.6000000e+00   1.0664577e-05
  -2.0000000e+00   1.7000000e+00   7.2630901e-06
  -2.0000000e+00   1.8000000e+00   5.0100940e-06
  -2.0000000e+00   1.9000000e+00   3.5518988e-06
  -2.0000000e+00   2.0000000e+00   2.6303881e-06
  -1.9000000e+00  -2.0000000e+00   1.7729606e-03
  -1.9000000e+00  -1.9000000e+00   2.0832749e-03
  -1.9000000e+00  -1.8000000e+00   2.4087366e-03
  -1.9000000e+00  -1.7000000e+00   2.7404843e-03
  -1.9000000e+00  -1.6000000e+00   3.0680368e-03
  -1.9000000e+00  -1.5000000e+00   3.3797849e-03
  -1.9000000e+00  -1.4000000e+00   3.6636402e-03
  -1.9000000e+00  -1.3000000e+00   3.9077954e-03
  -1.9000000e+00  -1.2000000e+00   4.1015317e-03
  -1.9000000e+00  -1.1000000e+00   4.2359963e-03
  -1.9000000e+00  -1.0000000e+00   4.3048729e-03
  -1.9000000e+00  -9.0000000e-01   4.3048732e-03
  -1.9000000e+00  -8.0000000e-01   4.2359971e-03
  -1.9000000e+00  -7.0000000e-01   4.1015332e-03
  -1.9000000e+00  -6.0000000e-01   3.9077981e-03
  -1.9000000e+00  -5.0000000e-01   3.6636448e-03
  -1.9000000e+00  -4.0000000e-01   3.3797927e-03
  -1.9000000e+00  -3.0000000e-01   3.0680496e-03
  -1.9000000e+00  -2.0000000e-01   2.7405049e-03
  -1.9000000e+00  -1.0000000e-01   2.4087692e-03
  -1.9000000e+00   0.0000000e+00   2.0833251e-03
  -1.9000000e+00   1.0000000e-01   1.7730368e-03
  -1.9000000e+00   2.0000000e-01   1.4848411e-03
  -1.9000000e+00   3.0000000e-01   1.2236256e-03
  -1.9000000e+00   4.0000000e-01   9.9227428e-04
  -1.9000000e+00   5.0000000e-01   7.9185183e-04
  -1.9000000e+00   6.0000000e-01   6.2188495e-04
  -1.9000000e+00   7.0000000e-01   4.8069879e-04
  -1.9000000e+00   8.0000000e-01   3.6576868e-04
  -1.9000000e+00   9.0000000e-01   2.7405411e-04
  -1.9000000e+00   1.0000000e+00   2.0229075e-04
  -1.9000000e+00   1.1000000e+00   1.4722637e-04
  -1.9000000e+00   1.2000000e+00   1.0579509e-04
  -1.9000000e+00   1.3000000e+00   7.5231926e-05
  -1.9000000e+00   1.4000000e+00   5.3134779e-05
  -1.9000000e+00   1.5000000e+00   3.7483977e-05
  -1.9000000e+00   1.6000000e+00   2.6630575e-05
  -1.9000000e+00   1.7000000e+00   1.9264133e-05
  -1.9000000e+00   1.8000000e+00   1.4369208e-05
  -1.9000000e+00   1.9000000e+00   1.1177804e-05
  -1.9000000e+00   2.0000000e+00   9.1229071e-06
  -1.8000000e+00  -2.0000000e+00   2.8981779e-03
  -1.8000000e+00  -1.9000000e+00   3.4330088e-03
  -1.8000000e+00  -1.8000000e+00   4.0014744e-03
  -1.8000000e+00  -1.7000000e+00   4.5894476e-03
  -1.8000000e+00  -1.6000000e+00   5.1795978e-03
  -1.8000000e+00  -1.5000000e+00   5.7521065e-03
  -1.8000000e+00  -1.4000000e+00   6.2856914e-03
  -1.8000000e+00  -1.3000000e+00   6.7588755e-03
  -1.8000000e+00  -1.2000000e+00   7.1514006e-03
  -1.8000000e+00  -1.1000000e+00   7.4456572e-03
  -1.8000000e+00  -1.0000000e+00   7.6279927e-03
  -1.8000000e+00  -9.0000000e-01   7.6897607e-03
  -1.8000000e+00  -8.0000000e-01   7.6280015e-03
  -1.8000000e+00  -7.0000000e-01   7.4456770e-03
  -1.8000000e+00  -6.0000000e-01   7.1514361e-03
  -1.8000000e+00  -5.0000000e-01   6.7589350e-03
  -1.8000000e+00  -4.0000000e-01   6.2857875e-03
  -1.8000000e+00  -3.0000000e-01   5.7522581e-03
  -1.8000000e+00  -2.0000000e-01   5.1798321e-03
  -1.8000000e+00  -1.0000000e-01   4.5898015e-03
  -1.8000000e+00   0.0000000e+00   4.0019976e-03
  -1.8000000e+00   1.0000000e-01   3.4337682e-03
  -1.8000000e+00   2.0000000e-01   2.8992600e-03
  -1.8000000e+00   3.0000000e-01   2.4090358e-03
  -1.8000000e+00   4.0000000e-01   1.9700113e-03
  -1.8000000e+00   5.0000000e-01   1.5856672e-03
  -1.8000000e+00   6.0000000e-01   1.2564718e-03
  -1.8000000e+00   7.0000000e-01   9.8043848e-04
  -1.8000000e+00   8.0000000e-01   7.5374557e-04
  -1.8000000e+00   9.0000000e-01   5.7135168e-04
  -1.8000000e+00   1.0000000e+00   4.2755648e-04
  -1.8000000e+00   1.1000000e+00   3.1647277e-04
  -1.8000000e+00   1.2000000e+00   2.3239284e-04
  -1.8000000e+00   1.3000000e+00   1.7004657e-04
  -1.8000000e+00   1.4000000e+00   1.2475997e-04
  -1.8000000e+00   1.5000000e+00   9.2529688e-05
  -1.8000000e+00   1.6000000e+00   7.0032638e-05
  -1.8000000e+00   1.7000000e+00   5.4589947e-05
  -1.8000000e+00   1.8000000e+00   4.4102514e-05
  -1.8000000e+00   1.9000000e+00   3.6972316e-05
  -1.8000000e+00   2.0000000e+00   3.2019916e-05
  -1.7000000e+00  -2.0000000e+00   4.5732836e-03
  -1.7000000e+00  -1.9000000e+00   5.4611032e-03
  -1.7000000e+00  -1.8000000e+00   6.4169387e-03
  -1.7000000e+00  -1.7000000e+00   7.4194320e-03
  -1.7000000e+00  -1.6000000e+00   8.4412875e-03
  -1.7000000e+00  -1.5000000e+00   9.4502217e-03
  -1.7000000e+00  -1.4000000e+00   1.0410476e-02
  -1.7000000e+00  -1.3000000e+00   1.1284816e-02
  -1.7000000e+00  -1.2000000e+00   1.2036876e-02
  -1.7000000e+00  -1.1000000e+00   1.2633639e-02
  -1.7000000e+00  -1.0000000e+00   1.3047843e-02
  -1.7000000e+00  -9.0000000e-01   1.3260036e-02
  -1.7000000e+00  -8.0000000e-01   1.3260098e-02
  -1.7000000e+00  -7.0000000e-01   1.3048042e-02
  -1.7000000e+00  -6.0000000e-01   1.2634014e-02
  -1.7000000e+00  -5.0000000e-01   1.2037495e-02
  -1.7000000e+00  -4.0000000e-01   1.1285789e-02
  -1.7000000e+00  -3.0000000e-01   1.0411964e-02
  -1.7000000e+00  -2.0000000e-01   9.4524460e-03
  -1.7000000e+00  -1.0000000e-01   8.4445067e-03
  -1.7000000e+00   0.0000000e+00   7.4239548e-03
  -1.7000000e+00   1.0000000e-01   6.4231855e-03
  -1.7000000e+00   2.0000000e-01   5.4696135e-03
  -1.7000000e+00   3.0000000e-01   4.5846818e-03
  -1.7000000e+00   4.0000000e-01   3.7835020e-03
  -1.7000000e+00   5.0000000e-01   3.0749992e-03
  -1.7000000e+00   6.0000000e-01   2.4624629e-03
  -1.7000000e+00   7.0000000e-01   1.9444011e-03
  -1.7000000e+00   8.0000000e-01   1.5155679e-03
  -1.7000000e+00   9.0000000e-01   1.1680408e-03
  -1.7000000e+00   1.0000000e+00   8.9225032e-04
  -1.7000000e+00   1.1000000e+00   6.7788499e-04
  -1.7000000e+00   1.2000000e+00   5.1463160e-04
  -1.7000000e+00   1.3000000e+00   3.9273111e-04
  -1.7000000e+00   1.4000000e+00   3.0335575e-04
  -1.7000000e+00   1.5000000e+00   2.3882656e-04
  -1.7000000e+00   1.6000000e+00   1.9269969e-04
  -1.7000000e+00   1.7000000e+00   1.5975245e-04
  -1.7000000e+00   1.8000000e+00   1.3589951e-04
  -1.7000000e+00   1.9000000e+00   1.1806510e-04
  -1.7000000e+00   2.0000000e+00   1.0403292e-04
  -1.6000000e+00  -2.0000000e+00   6.9664001e-03
  -1.6000000e+00  -1.9000000e+00   8.3861591e-03
  -1.6000000e+00  -1.8000000e+00   9.9337466e-03
  -1.6000000e+00  -1.7000000e+00   1.1578662e-02
  -1.6000000e+00  -1.6000000e+00   1.3280029e-02
  -1.6000000e+00  -1.5000000e+00   1.4987704e-02
  -1.6000000e+00  -1.4000000e+00   1.6644344e-02
  -1.6000000e+00  -1.3000000e+00   1.8188377e-02
  -1.6000000e+00  -1.2000000e+00   1.9557670e-02
  -1.6000000e+00  -1.1000000e+00   2.0693626e-02
  -1.6000000e+00  -1.0000000e+00   2.1545322e-02
  -1.6000000e+00  -9.0000000e-01   2.2073296e-02
  -1.6000000e+00  -8.0000000e-01   2.2252596e-02
  -1.6000000e+00  -7.0000000e-01   2.2074744e-02
  -1.6000000e+00  -6.0000000e-01   2.1548429e-02
  -1.6000000e+00  -5.0000000e-01   2.0698839e-02
  -1.6000000e+00  -4.0000000e-01   1.9565767e-02
  -1.6000000e+00  -3.0000000e-01   1.8200682e-02
  -1.6000000e+00  -2.0000000e-01   1.6662575e-02
  -1.6000000e+00  -1.0000000e-01   1.5013027e-02
  -1.6000000e+00   0.0000000e+00   1.3313142e-02
  -1.6000000e+00   1.0000000e-01   1.1621361e-02
  -1.6000000e+00   2.0000000e-01   9.9889641e-03
  -1.6000000e+00   3.0000000e-01   8.4569100e-03
  -1.6000000e+00   4.0000000e-01   7.0554871e-03
  -1.6000000e+00   5.0000000e-01   5.8044548e-03
  -1.6000000e+00   6.0000000e-01   4.7135201e-03
  -1.6000000e+00   7.0000000e-01   3.7834789e-03
  -1.6000000e+00   8.0000000e-01   3.0078253e-03
  -1.6000000e+00   9.0000000e-01   2.3745705e-03
  -1.6000000e+00   1.0000000e+00   1.8680755e-03
  -1.6000000e+00   1.1000000e+00   1.4707466e-03
  -1.6000000e+00   1.2000000e+00   1.1644884e-03
  -1.6000000e+00   1.3000000e+00   9.3185827e-04
  -1.6000000e+00   1.4000000e+00   7.5690144e-04
  -1.6000000e+00   1.5000000e+00   6.2568259e-04
  -1.6000000e+00   1.6000000e+00   5.2654759e-04
  -1.6000000e+00   1.7000000e+00   4.5016442e-04
  -1.6000000e+00   1.8000000e+00   3.8939644e-04
  -1.6000000e+00   1.9000000e+00   3.3906039e-04
  -1.6000000e+00   2.0000000e+00   2.9561697e-04
  -1.5000000e+00  -2.0000000e+00   1.0243929e-02
  -1.5000000e+00  -1.9000000e+00   1.2431516e-02
  -1.5000000e+00  -1.8000000e+00   1.4844896e-02
  -1.5000000e+00  -1.7000000e+00   1.7443191e-02
  -1.5000000e+00  -1.6000000e+00   2.0168361e-02
  -1.5000000e+00  -1.5000000e+00   2.2946240e-02
  -1.5000000e+00  -1.4000000e+00   2.5689121e-02
  -1.5000000e+00  -1.3000000e+00   2.8299873e-02
  -1.5000000e+00  -1.2000000e+00   3.0677391e-02
  -1.5000000e+00  -1.1000000e+00   3.2722971e-02
  -1.5000000e+00  -1.0000000e+00   3.4347087e-02
  -1.5000000e+00  -9.0000000e-01   3.5475921e-02
  -1.5000000e+00  -8.0000000e-01   3.6056987e-02
  -1.5000000e+00  -7.0000000e-01   3.6063270e-02
  -1.5000000e+00  -6.0000000e-01   3.5495430e-02
  -1.5000000e+00  -5.0000000e-01   3.4382015e-02
  -1.5000000e+00  -4.0000000e-01   3.2778608e-02
  -1.5000000e+00  -3.0000000e-01   3.0765863e-02
  -1.5000000e+00  -2.0000000e-01   2.8436530e-02
  -1.5000000e+00  -1.0000000e-01   2.5872962e-02
  -1.5000000e+00   0.0000000e+00   2.3161273e-02
  -1.5000000e+00   1.0000000e-01   2.0415065e-02
  -1.5000000e+00   2.0000000e-01   1.7739650e-02
  -1.5000000e+00   3.0000000e-01   1.5206804e-02
  -1.5000000e+00   4.0000000e-01   1.2867983e-02
  -1.5000000e+00   5.0000000e-01   1.0760562e-02
  -1.5000000e+00   6.0000000e-01   8.9060299e-03
  -1.5000000e+00   7.0000000e-01   7.3102765e-03
  -1.5000000e+00   8.0000000e-01   5.9658811e-03
  -1.5000000e+00   9.0000000e-01   4.8551374e-03
  -1.5000000e+00   1.0000000e+00   3.9532685e-03
  -1.5000000e+00   1.1000000e+00   3.2315191e-03
  -1.5000000e+00   1.2000000e+00   2.6598905e-03
  -1.5000000e+00   1.3000000e+00   2.2093609e-03
  -1.5000000e+00   1.4000000e+00   1.8535184e-03
  -1.5000000e+00   1.5000000e+00   1.5695964e-03
  -1.5000000e+00   1.6000000e+00   1.3389633e-03
  -1.5000000e+00   1.7000000e+00   1.1471537e-03
  -1.5000000e+00   1.8000000e+00   9.8355202e-04
  -1.5000000e+00   1.9000000e+00   8.4084433e-04
  -1.5000000e+00   2.0000000e+00   7.1435204e-04
  -1.4000000e+00  -2.0000000e+00   1.4541448e-02
  -1.4000000e+00  -1.9000000e+00   1.7789784e-02
  -1.4000000e+00  -1.8000000e+00   2.1415618e-02
  -1.4000000e+00  -1.7000000e+00   2.5368116e-02
  -1.4000000e+00  -1.6000000e+00   2.9569541e-02
  -1.4000000e+00  -1.5000000e+00   3.3915735e-02
  -1.4000000e+00  -1.4000000e+00   3.8278976e-02
  -1.4000000e+00  -1.3000000e+00   4.2513307e-02
  -1.4000000e+00  -1.2000000e+00   4.6462150e-02
  -1.4000000e+00  -1.1000000e+00   4.9967729e-02
  -1.4000000e+00  -1.0000000e+00   5.2881566e-02
  -1.4000000e+00  -9.0000000e-01   5.5075092e-02
  -1.4000000e+00  -8.0000000e-01   5.6449335e-02
  -1.4000000e+00  -7.0000000e-01   5.6942682e-02
  -1.4000000e+00  -6.0000000e-01   5.6536054e-02
  -1.4000000e+00  -5.0000000e-01   5.5257422e-02
  -1.4000000e+00  -4.0000000e-01   5.3197889e-02
  -1.4000000e+00  -3.0000000e-01   5.0535907e-02
  -1.4000000e+00  -2.0000000e-01   4.7430762e-02
  -1.4000000e+00  -1.0000000e-01   4.3798499e-02
  -1.4000000e+00   0.0000000e+00   3.9583946e-02
  -1.4000000e+00   1.0000000e-01   3.5156748e-02
  -1.4000000e+00   2.0000000e-01   3.0894920e-02
  -1.4000000e+00   3.0000000e-01   2.6894204e-02
  -1.4000000e+00   4.0000000e-01   2.3176887e-02
  -1.4000000e+00   5.0000000e-01   1.9787700e-02
  -1.4000000e+00   6.0000000e-01   1.6764334e-02
  -1.4000000e+00   7.0000000e-01   1.4121686e-02
  -1.4000000e+00   8.0000000e-01   1.1852901e-02
  -1.4000000e+00   9.0000000e-01   9.9341450e-03
  -1.4000000e+00   1.0000000e+00   8.3299935e-03
  -1.4000000e+00   1.1000000e+00   6.9986487e-03
  -1.4000000e+00   1.2000000e+00   5.8965335e-03
  -1.4000000e+00   1.3000000e+00   4.9819432e-03
  -1.4000000e+00   1.4000000e+00   4.2176081e-03
  -1.4000000e+00   1.5000000e+00   3.5721670e-03
  -1.4000000e+00   1.6000000e+00   3.0206680e-03
  -1.4000000e+00   1.7000000e+00   2.5442963e-03
  -1.4000000e+00   1.8000000e+00   2.1295677e-03
  -1.4000000e+00   1.9000000e+00   1.7672288e-03
  -1.4000000e+00   2.0000000e+00   1.4510753e-03
  -1.3000000e+00  -2.0000000e+00   1.9927973e-02
  -1.3000000e+00  -1.9000000e+00   2.4577951e-02
  -1.3000000e+00  -1.8000000e+00   2.9828508e-02
  -1.3000000e+00  -1.7000000e+00   3.5622441e-02
  -1.3000000e+00  -1.6000000e+00   4.1862595e-02
  -1.3000000e+00  -1.5000000e+00   4.8411039e-02
  -1.3000000e+00  -1.4000000e+00   5.5091645e-02
  -1.3000000e+00  -1.3000000e+00   6.1696417e-02
  -1.3000000e+00  -1.2000000e+00   6.7995478e-02
  -1.3000000e+00  -1.1000000e+00   7.3750216e-02
  -1.3000000e+00  -1.0000000e+00   7.8728608e-02
  -1.3000000e+00  -9.0000000e-01   8.2721404e-02
  -1.3000000e+00  -8.0000000e-01   8.5557604e-02
  -1.3000000e+00  -7.0000000e-01   8.7117675e-02
  -1.3000000e+00  -6.0000000e-01   8.7344793e-02
  -1.3000000e+00  -5.0000000e-01   8.6275374e-02
  -1.3000000e+00  -4.0000000e-01   8.4200634e-02
  -1.3000000e+00  -3.0000000e-01   8.1926547e-02
  -1.3000000e+00  -2.0000000e-01   7.9874396e-02
  -1.3000000e+00  -1.0000000e-01   7.6134639e-02
  -1.3000000e+00   0.0000000e+00   6.9004324e-02
  -1.3000000e+00   1.0000000e-01   6.0642139e-02
  -1.3000000e+00   2.0000000e-01   5.3381883e-02
  -1.3000000e+00   3.0000000e-01   4.7166555e-02
  -1.3000000e+00   4.0000000e-01   4.1471652e-02
  -1.3000000e+00   5.0000000e-01   3.6189379e-02
  -1.3000000e+00   6.0000000e-01   3.1362154e-02
  -1.3000000e+00   7.0000000e-01   2.7023329e-02
  -1.3000000e+00   8.0000000e-01   2.3176906e-02
  -1.3000000e+00   9.0000000e-01   1.9802957e-02
  -1.3000000e+00   1.0000000e+00   1.6865287e-02
  -1.3000000e+00   1.1000000e+00   1.4318750e-02
  -1.3000000e+00   1.2000000e+00   1.2115421e-02
  -1.3000000e+00   1.3000000e+00   1.0209243e-02
  -1.3000000e+00   1.4000000e+00   8.5590011e-03
  -1.3000000e+00   1.5000000e+00   7.1297438e-03
  -1.3000000e+00   1.6000000e+00   5.8929410e-03
  -1.3000000e+00   1.7000000e+00   4.8257566e-03
  -1.3000000e+00   1.8000000e+00   3.9098341e-03
  -1.3000000e+00   1.9000000e+00   3.1299456e-03
  -1.3000000e+00   2.0000000e+00   2.4727671e-03
  -1.2000000e+00  -2.0000000e+00   2.6375296e-02
  -1.2000000e+00  -1.9000000e+00   3.2799003e-02
  -1.2000000e+00  -1.8000000e+00   4.0137520e-02
  -1.2000000e+00  -1.7000000e+00   4.8336631e-02
  -1.2000000e+00  -1.6000000e+00   5.7286202e-02
  -1.2000000e+00  -1.5000000e+00   6.6816948e-02
  -1.2000000e+00  -1.4000000e+00   7.6701757e-02
  -1.2000000e+00  -1.3000000e+00   8.6662285e-02
  -1.2000000e+00  -1.2000000e+00   9.6380971e-02
  -1.2000000e+00  -1.1000000e+00   1.0551797e-01
  -1.2000000e+00  -1.0000000e+00   1.1373188e-01
  -1.2000000e+00  -9.0000000e-01   1.2070247e-01
  -1.2000000e+00  -8.0000000e-01   1.2615333e-01
  -1.2000000e+00  -7.0000000e-01   1.2987240e-01
  -1.2000000e+00  -6.0000000e-01   1.3173859e-01
  -1.2000000e+00  -5.0000000e-01   1.3188796e-01
  -1.2000000e+00  -4.0000000e-01   1.3169780e-01
  -1.2000000e+00  -3.0000000e-01   1.3539067e-01
  -1.2000000e+00  -2.0000000e-01   1.4464591e-01
  -1.2000000e+00  -1.0000000e-01   1.4689484e-01
  -1.2000000e+00   0.0000000e+00   1.3074845e-01
  -1.2000000e+00   1.0000000e-01   1.0818695e-01
  -1.2000000e+00   2.0000000e-01   9.2328274e-02
  -1.2000000e+00   3.0000000e-01   8.1962586e-02
  -1.2000000e+00   4.0000000e-01   7.3227159e-02
  -1.2000000e+00   5.0000000e-01   6.4975364e-02
  -1.2000000e+00   6.0000000e-01   5.7164983e-02
  -1.2000000e+00   7.0000000e-01   4.9878328e-02
  -1.2000000e+00   8.0000000e-01   4.3170670e-02
  -1.2000000e+00   9.0000000e-01   3.7066393e-02
  -1.2000000e+00   1.0000000e+00   3.1566339e-02
  -1.2000000e+00   1.1000000e+00   2.6654979e-02
  -1.2000000e+00   1.2000000e+00   2.2306364e-02
  -1.2000000e+00   1.3000000e+00   1.8488536e-02
  -1.2000000e+00   1.4000000e+00   1.5166420e-02
  -1.2000000e+00   1.5000000e+00   1.2303460e-02
  -1.2000000e+00   1.6000000e+00   9.8623593e-03
  -1.2000000e+00   1.7000000e+00   7.8053464e-03
  -1.2000000e+00   1.8000000e+00   6.0942911e-03
  -1.2000000e+00   1.9000000e+00   4.6909079e-03
  -1.2000000e+00   2.0000000e+00   3.5571518e-03
  -1.1000000e+00  -2.0000000e+00   3.3769551e-02
  -1.1000000e+00  -1.9000000e+00   4.2362535e-02
  -1.1000000e+00  -1.8000000e+00   5.2303444e-02
  -1.1000000e+00  -1.7000000e+00   6.3561175e-02
  -1.1000000e+00  -1.6000000e+00   7.6031344e-02
  -1.1000000e+00  -1.5000000e+00   8.9528896e-02
  -1.1000000e+00  -1.4000000e+00   1.0378626e-01
  -1.1000000e+00  -1.3000000e+00   1.1845822e-01
  -1.1000000e+00  -1.2000000e+00   1.3313397e-01
  -1.1000000e+00  -1.1000000e+00   1.4735620e-01
  -1.1000000e+00  -1.0000000e+00   1.6064597e-01
  -1.1000000e+00  -9.0000000e-01   1.7253144e-01
  -1.1000000e+00  -8.0000000e-01   1.8257795e-01
  -1.1000000e+00  -7.0000000e-01   1.9041800e-01
  -1.1000000e+00  -6.0000000e-01   1.9582020e-01
  -1.1000000e+00  -5.0000000e-01   1.9934341e-01
  -1.1000000e+00  -4.0000000e-01   2.0632879e-01
  -1.1000000e+00  -3.0000000e-01   2.3342787e-01
  -1.1000000e+00  -2.0000000e-01   2.8679327e-01
  -1.1000000e+00  -1.0000000e-01   3.1466974e-01
  -1.1000000e+00   0.0000000e+00   2.7002066e-01
  -1.1000000e+00   1.0000000e-01   2.0057555e-01
  -1.1000000e+00   2.0000000e-01   1.5873520e-01
  -1.1000000e+00   3.0000000e-01   1.3890240e-01
  -1.1000000e+00   4.0000000e-01   1.2485660e-01
  -1.1000000e+00   5.0000000e-01   1.1154006e-01
  -1.1000000e+00   6.0000000e-01   9.8519921e-02
  -1.1000000e+00   7.0000000e-01   8.5999228e-02
  -1.1000000e+00   8.0000000e-01   7.4177775e-02
  -1.1000000e+00   9.0000000e-01   6.3207649e-02
  -1.1000000e+00   1.0000000e+00   5.3194072e-02
  -1.1000000e+00   1.1000000e+00   4.4199061e-02
  -1.1000000e+00   1.2000000e+00   3.6245953e-02
  -1.1000000e+00   1.3000000e+00   2.9324479e-02
  -1.1000000e+00   1.4000000e+00   2.3396191e-02
  -1.1000000e+00   1.5000000e+00   1.8400126e-02
  -1.1000000e+00   1.6000000e+00   1.4258539e-02
  -1.1000000e+00   1.7000000e+00   1.0882540e-02
  -1.1000000e+00   1.8000000e+00   8.1774167e-03
  -1.1000000e+00   1.9000000e+00   6.0474407e-03
  -1.1000000e+00   2.0000000e+00   4.3999357e-03
  -1.0000000e+00  -2.0000000e+00   4.2072700e-02
  -1.0000000e+00  -1.9000000e+00   5.3310033e-02
  -1.0000000e+00  -1.8000000e+00   6.6501917e-02
  -1.0000000e+00  -1.7000000e+00   8.1678641e-02
  -1.0000000e+00  -1.6000000e+00   9.8779685e-02
  -1.0000000e+00  -1.5000000e+00   1.1763875e-01
  -1.0000000e+00  -1.4000000e+00   1.3797444e-01
  -1.0000000e+00  -1.3000000e+00   1.5938851e-01
  -1.0000000e+00  -1.2000000e+00   1.8137297e-01
  -1.0000000e+00  -1.1000000e+00   2.0332658e-01
  -1.0000000e+00  -1.0000000e+00   2.2458042e-01
  -1.0000000e+00  -9.0000000e-01   2.4443091e-01
  -1.0000000e+00  -8.0000000e-01   2.6217827e-01
  -1.0000000e+00  -7.0000000e-01   2.7717132e-01
  -1.0000000e+00  -6.0000000e-01   2.8896924e-01
  -1.0000000e+00  -5.0000000e-01   2.9910825e-01
  -1.0000000e+00  -4.0000000e-01   3.2195727e-01
  -1.0000000e+00  -3.0000000e-01   4.0248198e-01
  -1.0000000e+00  -2.0000000e-01   5.5699266e-01
  -1.0000000e+00  -1.0000000e-01   6.4431289e-01
  -1.0000000e+00   0.0000000e+00   5.3605869e-01
  -1.0000000e+00   1.0000000e-01   3.6145376e-01
  -1.0000000e+00   2.0000000e-01   2.6246028e-01
  -1.0000000e+00   3.0000000e-01   2.2345034e-01
  -1.0000000e+00   4.0000000e-01   1.9999664e-01
  -1.0000000e+00   5.0000000e-01   1.7809588e-01
  -1.0000000e+00   6.0000000e-01   1.5639013e-01
  -1.0000000e+00   7.0000000e-01   1.3531122e-01
  -1.0000000e+00   8.0000000e-01   1.1532822e-01
  -1.0000000e+00   9.0000000e-01   9.6811794e-02
  -1.0000000e+00   1.0000000e+00   8.0024291e-02
  -1.0000000e+00   1.1000000e+00   6.5121453e-02
  -1.0000000e+00   1.2000000e+00   5.2160519e-02
  -1.0000000e+00   1.3000000e+00   4.1113319e-02
  -1.0000000e+00   1.4000000e+00   3.1882671e-02
  -1.0000000e+00   1.5000000e+00   2.4320329e-02
  -1.0000000e+00   1.6000000e+00   1.8244881e-02
  -1.0000000e+00   1.7000000e+00   1.3458215e-02
  -1.0000000e+00   1.8000000e+00   9.7595754e-03
  -1.0000000e+00   1.9000000e+00   6.9566169e-03
  -1.0000000e+00   2.0000000e+00   4.8732686e-03
  -9.0000000e-01  -2.0000000e+00   5.1863362e-02
  -9.0000000e-01  -1.9000000e+00   6.6522270e-02
  -9.0000000e-01  -1.8000000e+00   8.4022797e-02
  -9.0000000e-01  -1.7000000e+00   1.0451273e-01
  -9.0000000e-01  -1.6000000e+00   1.2802649e-01
  -9.0000000e-01  -1.5000000e+00   1.5445550e-01
  -9.0000000e-01  -1.4000000e+00   1.8352335e-01
  -9.0000000e-01  -1.3000000e+00   2.1476923e-01
  -9.0000000e-01  -1.2000000e+00   2.4754276e-01
  -9.0000000e-01  -1.1000000e+00   2.8101299e-01
  -9.0000000e-01  -1.0000000e+00   3.1419317e-01
  -9.0000000e-01  -9.0000000e-01   3.4598141e-01
  -9.0000000e-01  -8.0000000e-01   3.7521591e-01
  -9.0000000e-01  -7.0000000e-01   4.0074916e-01
  -9.0000000e-01  -6.0000000e-01   4.2174338e-01
  -9.0000000e-01  -5.0000000e-01   4.4089872e-01
  -9.0000000e-01  -4.0000000e-01   4.8425000e-01
  -9.0000000e-01  -3.0000000e-01   6.3355540e-01
  -9.0000000e-01  -2.0000000e-01   9.1835420e-01
  -9.0000000e-01  -1.0000000e-01   1.0812406e+00
  -9.0000000e-01   0.0000000e+00   8.8814716e-01
  -9.0000000e-01   1.0000000e-01   5.7443537e-01
  -9.0000000e-01   2.0000000e-01   3.9871463e-01
  -9.0000000e-01   3.0000000e-01   3.3247701e-01
  -9.0000000e-01   4.0000000e-01   2.9475776e-01
  -9.0000000e-01   5.0000000e-01   2.6003388e-01
  -9.0000000e-01   6.0000000e-01   2.2581673e-01
  -9.0000000e-01   7.0000000e-01   1.9286221e-01
  -9.0000000e-01   8.0000000e-01   1.6197261e-01
  -9.0000000e-01   9.0000000e-01   1.3374972e-01
  -9.0000000e-01   1.0000000e+00   1.0858178e-01
  -9.0000000e-01   1.1000000e+00   8.6654729e-02
  -9.0000000e-01   1.2000000e+00   6.7976671e-02
  -9.0000000e-01   1.3000000e+00   5.2411167e-02
  -9.0000000e-01   1.4000000e+00   3.9714683e-02
  -9.0000000e-01   1.5000000e+00   2.9574125e-02
  -9.0000000e-01   1.6000000e+00   2.1641115e-02
  -9.0000000e-01   1.7000000e+00   1.5560767e-02
  -9.0000000e-01   1.8000000e+00   1.0993756e-02
  -9.0000000e-01   1.9000000e+00   7.6314737e-03
  -9.0000000e-01   2.0000000e+00   5.2048086e-03
  -8.0000000e-01  -2.0000000e+00   6.5472749e-02
  -8.0000000e-01  -1.9000000e+00   8.5070712e-02
  -8.0000000e-01  -1.8000000e+00   1.0880927e-01
  -8.0000000e-01  -1.7000000e+00   1.3699204e-01
  -8.0000000e-01  -1.6000000e+00   1.6976298e-01
  -8.0000000e-01  -1.5000000e+00   2.0705281e-01
  -8.0000000e-01  -1.4000000e+00   2.4853060e-01
  -8.0000000e-01  -1.3000000e+00   2.9356724e-01
  -8.0000000e-01  -1.2000000e+00   3.4121745e-01
  -8.0000000e-01  -1.1000000e+00   3.9022641e-01
  -8.0000000e-01  -1.0000000e+00   4.3906520e-01
  -8.0000000e-01  -9.0000000e-01   4.8599654e-01
  -8.0000000e-01  -8.0000000e-01   5.2916875e-01
  -8.0000000e-01  -7.0000000e-01   5.6674131e-01
  -8.0000000e-01  -6.0000000e-01   5.9728576e-01
  -8.0000000e-01  -5.0000000e-01   6.2376875e-01
  -8.0000000e-01  -4.0000000e-01   6.7776674e-01
  -8.0000000e-01  -3.0000000e-01   8.5905067e-01
  -8.0000000e-01  -2.0000000e-01   1.2037561e+00
  -8.0000000e-01  -1.0000000e-01   1.3976834e+00
  -8.0000000e-01   0.0000000e+00   1.1552597e+00
  -8.0000000e-01   1.0000000e-01   7.6436210e-01
  -8.0000000e-01   2.0000000e-01   5.4131152e-01
  -8.0000000e-01   3.0000000e-01   4.5174849e-01
  -8.0000000e-01   4.0000000e-01   3.9720822e-01
  -8.0000000e-01   5.0000000e-01   3.4687572e-01
  -8.0000000e-01   6.0000000e-01   2.9798160e-01
  -8.0000000e-01   7.0000000e-01   2.5162106e-01
  -8.0000000e-01   8.0000000e-01   2.0884960e-01
  -8.0000000e-01   9.0000000e-01   1.7039291e-01
  -8.0000000e-01   1.0000000e+00   1.3664885e-01
  -8.0000000e-01   1.1000000e+00   1.0772224e-01
  -8.0000000e-01   1.2000000e+00   8.3475886e-02
  -8.0000000e-01   1.3000000e+00   6.3589760e-02
  -8.0000000e-01   1.4000000e+00   4.7621255e-02
  -8.0000000e-01   1.5000000e+00   3.5060788e-02
  -8.0000000e-01   1.6000000e+00   2.5378852e-02
  -8.0000000e-01   1.7000000e+00   1.8062439e-02
  -8.0000000e-01   1.8000000e+00   1.2640429e-02
  -8.0000000e-01   1.9000000e+00   8.6987565e-03
  -8.0000000e-01   2.0000000e+00   5.8869879e-03
  -7.0000000e-01  -2.0000000e+00   8.8234545e-02
  -7.0000000e-01  -1.9000000e+00   1.1536730e-01
  -7.0000000e-01  -1.8000000e+00   1.4832158e-01
  -7.0000000e-01  -1.7000000e+00   1.8748951e-01
  -7.0000000e-01  -1.6000000e+00   2.3301090e-01
  -7.0000000e-01  -1.5000000e+00   2.8469527e-01
  -7.0000000e-01  -1.4000000e+00   3.4195554e-01
  -7.0000000e-01  -1.3000000e+00   4.0376420e-01
  -7.0000000e-01  -1.2000000e+00   4.6864168e-01
  -7.0000000e-01  -1.1000000e+00   5.3468504e-01
  -7.0000000e-01  -1.0000000e+00   5.9964084e-01
  -7.0000000e-01  -9.0000000e-01   6.6102131e-01
  -7.0000000e-01  -8.0000000e-01   7.1625714e-01
  -7.0000000e-01  -7.0000000e-01   7.6288202e-01
  -7.0000000e-01  -6.0000000e-01   7.9893967e-01
  -7.0000000e-01  -5.0000000e-01   8.2631142e-01
  -7.0000000e-01  -4.0000000e-01   8.7058782e-01
  -7.0000000e-01  -3.0000000e-01   1.0134982e+00
  -7.0000000e-01  -2.0000000e-01   1.2849699e+00
  -7.0000000e-01  -1.0000000e-01   1.4283637e+00
  -7.0000000e-01   0.0000000e+00   1.2106850e+00
  -7.0000000e-01   1.0000000e-01   8.6857668e-01
  -7.0000000e-01   2.0000000e-01   6.6202815e-01
  -7.0000000e-01   3.0000000e-01   5.6390056e-01
  -7.0000000e-01   4.0000000e-01   4.9449001e-01
  -7.0000000e-01   5.0000000e-01   4.2935051e-01
  -7.0000000e-01   6.0000000e-01   3.6683769e-01
  -7.0000000e-01   7.0000000e-01   3.0829822e-01
  -7.0000000e-01   8.0000000e-01   2.5487653e-01
  -7.0000000e-01   9.0000000e-01   2.0729335e-01
  -7.0000000e-01   1.0000000e+00   1.6587185e-01
  -7.0000000e-01   1.1000000e+00   1.3059499e-01
  -7.0000000e-01   1.2000000e+00   1.0117678e-01
  -7.0000000e-01   1.3000000e+00   7.7138036e-02
  -7.0000000e-01   1.4000000e+00   5.7879003e-02
  -7.0000000e-01   1.5000000e+00   4.2743276e-02
  -7.0000000e-01   1.6000000e+00   3.1069646e-02
  -7.0000000e-01   1.7000000e+00   2.2230618e-02
  -7.0000000e-01   1.8000000e+00   1.5657984e-02
  -7.0000000e-01   1.9000000e+00   1.0856973e-02
  -7.0000000e-01   2.0000000e+00   7.4111708e-03
  -6.0000000e-01  -2.0000000e+00   1.2772118e-01
  -6.0000000e-01  -1.9000000e+00   1.6540245e-01
  -6.0000000e-01  -1.8000000e+00   2.1046913e-01
  -6.0000000e-01  -1.7000000e+00   2.6316174e-01
  -6.0000000e-01  -1.6000000e+00   3.2334686e-01
  -6.0000000e-01  -1.5000000e+00   3.9043894e-01
  -6.0000000e-01  -1.4000000e+00   4.6334706e-01
  -6.0000000e-01  -1.3000000e+00   5.4045792e-01
  -6.0000000e-01  -1.2000000e+00   6.1966350e-01
  -6.0000000e-01  -1.1000000e+00   6.9843781e-01
  -6.0000000e-01  -1.0000000e+00   7.7396133e-01
  -6.0000000e-01  -9.0000000e-01   8.4328583e-01
  -6.0000000e-01  -8.0000000e-01   9.0352644e-01
  -6.0000000e-01  -7.0000000e-01   9.5206756e-01
  -6.0000000e-01  -6.0000000e-01   9.8687618e-01
  -6.0000000e-01  -5.0000000e-01   1.0083945e+00
  -6.0000000e-01  -4.0000000e-01   1.0304820e+00
  -6.0000000e-01  -3.0000000e-01   1.0982161e+00
  -6.0000000e-01  -2.0000000e-01   1.2286252e+00
  -6.0000000e-01  -1.0000000e-01   1.2817907e+00
  -6.0000000e-01   0.0000000e+00   1.1310189e+00
  -6.0000000e-01   1.0000000e-01   9.0751912e-01
  -6.0000000e-01   2.0000000e-01   7.5538383e-01
  -6.0000000e-01   3.0000000e-01   6.6111085e-01
  -6.0000000e-01   4.0000000e-01   5.8226036e-01
  -6.0000000e-01   5.0000000e-01   5.0657111e-01
  -6.0000000e-01   6.0000000e-01   4.3410756e-01
  -6.0000000e-01   7.0000000e-01   3.6636518e-01
  -6.0000000e-01   8.0000000e-01   3.0451219e-01
  -6.0000000e-01   9.0000000e-01   2.4927652e-01
  -6.0000000e-01   1.0000000e+00   2.0097963e-01
  -6.0000000e-01   1.1000000e+00   1.5959521e-01
  -6.0000000e-01   1.2000000e+00   1.2481984e-01
  -6.0000000e-01   1.3000000e+00   9.6147536e-02
  -6.0000000e-01   1.4000000e+00   7.2941489e-02
  -6.0000000e-01   1.5000000e+00   5.4498064e-02
  -6.0000000e-01   1.6000000e+00   4.0099864e-02
  -6.0000000e-01   1.7000000e+00   2.9056498e-02
  -6.0000000e-01   1.8000000e+00   2.0733075e-02
  -6.0000000e-01   1.9000000e+00   1.4567483e-02
  -6.0000000e-01   2.0000000e+00   1.0078251e-02
  -5.0000000e-01  -2.0000000e+00   1.8813641e-01
  -5.0000000e-01  -1.9000000e+00   2.3740303e-01
  -5.0000000e-01  -1.8000000e+00   2.9451645e-01
  -5.0000000e-01  -1.7000000e+00   3.5927019e-01
  -5.0000000e-01  -1.6000000e+00   4.3102616e-01
  -5.0000000e-01  -1.5000000e+00   5.0867810e-01
  -5.0000000e-01  -1.4000000e+00   5.9064783e-01
  -5.0000000e-01  -1.3000000e+00   6.7491913e-01
  -5.0000000e-01  -1.2000000e+00   7.5911067e-01
  -5.0000000e-01  -1.1000000e+00   8.4058474e-01
  -5.0000000e-01  -1.0000000e+00   9.1658482e-01
  -5.0000000e-01  -9.0000000e-01   9.8439132e-01
  -5.0000000e-01  -8.0000000e-01   1.0414828e+00
  -5.0000000e-01  -7.0000000e-01   1.0856905e+00
  -5.0000000e-01  -6.0000000e-01   1.1153758e+00
  -5.0000000e-01  -5.0000000e-01   1.1301675e+00
  -5.0000000e-01  -4.0000000e-01   1.1350073e+00
  -5.0000000e-01  -3.0000000e-01   1.1466964e+00
  -5.0000000e-01  -2.0000000e-01   1.1720713e+00
  -5.0000000e-01  -1.0000000e-01   1.1605473e+00
  -5.0000000e-01   0.0000000e+00   1.0666684e+00
  -5.0000000e-01   1.0000000e-01   9.4005811e-01
  -5.0000000e-01   2.0000000e-01   8.3521100e-01
  -5.0000000e-01   3.0000000e-01   7.4870521e-01
  -5.0000000e-01   4.0000000e-01   6.6645992e-01
  -5.0000000e-01   5.0000000e-01   5.8541501e-01
  -5.0000000e-01   6.0000000e-01   5.0690355e-01
  -5.0000000e-01   7.0000000e-01   4.3259592e-01
  -5.0000000e-01   8.0000000e-01   3.6381944e-01
  -5.0000000e-01   9.0000000e-01   3.0149913e-01
  -5.0000000e-01   1.0000000e+00   2.4616863e-01
  -5.0000000e-01   1.1000000e+00   1.9800496e-01
  -5.0000000e-01   1.2000000e+00   1.5688003e-01
  -5.0000000e-01   1.3000000e+00   1.2242243e-01
  -5.0000000e-01   1.4000000e+00   9.4083179e-02
  -5.0000000e-01   1.5000000e+00   7.1199896e-02
  -5.0000000e-01   1.6000000e+00   5.3054830e-02
  -5.0000000e-01   1.7000000e+00   3.8923656e-02
  -5.0000000e-01   1.8000000e+00   2.8113414e-02
  -5.0000000e-01   1.9000000e+00   1.9989230e-02
  -5.0000000e-01   2.0000000e+00   1.3990568e-02
  -4.0000000e-01  -2.0000000e+00   2.6114003e-01
  -4.0000000e-01  -1.9000000e+00   3.1810422e-01
  -4.0000000e-01  -1.8000000e+00   3.8152712e-01
  -4.0000000e-01  -1.7000000e+00   4.5072624e-01
  -4.0000000e-01  -1.6000000e+00   5.2469869e-01
  -4.0000000e-01  -1.5000000e+00   6.0214216e-01
  -4.0000000e-01  -1.4000000e+00   6.8149485e-01
  -4.0000000e-01  -1.3000000e+00   7.6099053e-01
  -4.0000000e-01  -1.2000000e+00   8.3872391e-01
  -4.0000000e-01  -1.1000000e+00   9.1272107e-01
  -4.0000000e-01  -1.0000000e+00   9.8101078e-01
  -4.0000000e-01  -9.0000000e-01   1.0416938e+00
  -4.0000000e-01  -8.0000000e-01   1.0930085e+00
  -4.0000000e-01  -7.0000000e-01   1.1333941e+00
  -4.0000000e-01  -6.0000000e-01   1.1615606e+00
  -4.0000000e-01  -5.0000000e-01   1.1767029e+00
  -4.0000000e-01  -4.0000000e-01   1.1795341e+00
  -4.0000000e-01  -3.0000000e-01   1.1739406e+00
  -4.0000000e-01  -2.0000000e-01   1.1616379e+00
  -4.0000000e-01  -1.0000000e-01   1.1304976e+00
  -4.0000000e-01   0.0000000e+00   1.0699866e+00
  -4.0000000e-01   1.0000000e-01   9.9334210e-01
  -4.0000000e-01   2.0000000e-01   9.1529445e-01
  -4.0000000e-01   3.0000000e-01   8.3652770e-01
  -4.0000000e-01   4.0000000e-01   7.5525540e-01
  -4.0000000e-01   5.0000000e-01   6.7247458e-01
  -4.0000000e-01   6.0000000e-01   5.9023396e-01
  -4.0000000e-01   7.0000000e-01   5.1054060e-01
  -4.0000000e-01   8.0000000e-01   4.3511252e-01
  -4.0000000e-01   9.0000000e-01   3.6530477e-01
  -4.0000000e-01   1.0000000e+00   3.0207742e-01
  -4.0000000e-01   1.1000000e+00   2.4599483e-01
  -4.0000000e-01   1.2000000e+00   1.9725250e-01
  -4.0000000e-01   1.3000000e+00   1.5572545e-01
  -4.0000000e-01   1.4000000e+00   1.2103079e-01
  -4.0000000e-01   1.5000000e+00   9.2596821e-02
  -4.0000000e-01   1.6000000e+00   6.9731740e-02
  -4.0000000e-01   1.7000000e+00   5.1686144e-02
  -4.0000000e-01   1.8000000e+00   3.7705617e-02
  -4.0000000e-01   1.9000000e+00   2.7071285e-02
  -4.0000000e-01   2.0000000e+00   1.9127941e-02
  -3.0000000e-01  -2.0000000e+00   3.2226927e-01
  -3.0000000e-01  -1.9000000e+00   3.7794619e-01
  -3.0000000e-01  -1.8000000e+00   4.3734155e-01
  -3.0000000e-01  -1.7000000e+00   4.9972587e-01
  -3.0000000e-01  -1.6000000e+00   5.6430699e-01
  -3.0000000e-01  -1.5000000e+00   6.3026612e-01
  -3.0000000e-01  -1.4000000e+00   6.9678057e-01
  -3.0000000e-01  -1.3000000e+00   7.6302790e-01
  -3.0000000e-01  -1.2000000e+00   8.2817010e-01
  -3.0000000e-01  -1.1000000e+00   8.9132133e-01
  -3.0000000e-01  -1.0000000e+00   9.5150718e-01
  -3.0000000e-01  -9.0000000e-01   1.0076271e+00
  -3.0000000e-01  -8.0000000e-01   1.0584327e+00
  -3.0000000e-01  -7.0000000e-01   1.1025340e+00
  -3.0000000e-01  -6.0000000e-01   1.1384426e+00
  -3.0000000e-01  -5.0000000e-01   1.1646754e+00
  -3.0000000e-01  -4.0000000e-01   1.1800271e+00
  -3.0000000e-01  -3.0000000e-01   1.1839661e+00
  -3.0000000e-01  -2.0000000e-01   1.1758797e+00
  -3.0000000e-01  -1.0000000e-01   1.1532599e+00
  -3.0000000e-01   0.0000000e+00   1.1143432e+00
  -3.0000000e-01   1.0000000e-01   1.0618206e+00
  -3.0000000e-01   2.0000000e-01   9.9915167e-01
  -3.0000000e-01   3.0000000e-01   9.2794137e-01
  -3.0000000e-01   4.0000000e-01   8.4975685e-01
  -3.0000000e-01   5.0000000e-01   7.6686681e-01
  -3.0000000e-01   6.0000000e-01   6.8180988e-01
  -3.0000000e-01   7.0000000e-01   5.9706825e-01
  -3.0000000e-01   8.0000000e-01   5.1489581e-01
  -3.0000000e-01   9.0000000e-01   4.3720142e-01
  -3.0000000e-01   1.0000000e+00   3.6547294e-01
  -3.0000000e-01   1.1000000e+00   3.0074296e-01
  -3.0000000e-01   1.2000000e+00   2.4359374e-01
  -3.0000000e-01   1.3000000e+00   1.9419508e-01
  -3.0000000e-01   1.4000000e+00   1.5236620e-01
  -3.0000000e-01   1.5000000e+00   1.1765193e-01
  -3.0000000e-01   1.6000000e+00   8.9403594e-02
  -3.0000000e-01   1.7000000e+00   6.6856713e-02
  -3.0000000e-01   1.8000000e+00   4.9199451e-02
  -3.0000000e-01   1.9000000e+00   3.5628188e-02
  -3.0000000e-01   2.0000000e+00   2.5388675e-02
  -2.0000000e-01  -2.0000000e+00   3.4246657e-01
  -2.0000000e-01  -1.9000000e+00   3.8724143e-01
  -2.0000000e-01  -1.8000000e+00   4.3332708e-01
  -2.0000000e-01  -1.7000000e+00   4.8055154e-01
  -2.0000000e-01  -1.6000000e+00   5.2891347e-01
  -2.0000000e-01  -1.5000000e+00   5.7856803e-01
  -2.0000000e-01  -1.4000000e+00   6.2977414e-01
  -2.0000000e-01  -1.3000000e+00   6.8280579e-01
  -2.0000000e-01  -1.2000000e+00   7.3783654e-01
  -2.0000000e-01  -1.1000000e+00   7.9481259e-01
  -2.0000000e-01  -1.0000000e+00   8.5333371e-01
  -2.0000000e-01  -9.0000000e-01   9.1256272e-01
  -2.0000000e-01  -8.0000000e-01   9.7118186e-01
  -2.0000000e-01  -7.0000000e-01   1.0274089e+00
  -2.0000000e-01  -6.0000000e-01   1.0790784e+00
  -2.0000000e-01  -5.0000000e-01   1.1237857e+00
  -2.0000000e-01  -4.0000000e-01   1.1590941e+00
  -2.0000000e-01  -3.0000000e-01   1.1827785e+00
  -2.0000000e-01  -2.0000000e-01   1.1929441e+00
  -2.0000000e-01  -1.0000000e-01   1.1880033e+00
  -2.0000000e-01   0.0000000e+00   1.1671027e+00
  -2.0000000e-01   1.0000000e-01   1.1306089e+00
  -2.0000000e-01   2.0000000e-01   1.0797075e+00
  -2.0000000e-01   3.0000000e-01   1.0160529e+00
  -2.0000000e-01   4.0000000e-01   9.4185295e-01
  -2.0000000e-01   5.0000000e-01   8.5979025e-01
  -2.0000000e-01   6.0000000e-01   7.7279018e-01
  -2.0000000e-01   7.0000000e-01   6.8379661e-01
  -2.0000000e-01   8.0000000e-01   5.9557950e-01
  -2.0000000e-01   9.0000000e-01   5.1057852e-01
  -2.0000000e-01   1.0000000e+00   4.3079114e-01
  -2.0000000e-01   1.1000000e+00   3.5770967e-01
  -2.0000000e-01   1.2000000e+00   2.9230609e-01
  -2.0000000e-01   1.3000000e+00   2.3505850e-01
  -2.0000000e-01   1.4000000e+00   1.8600974e-01
  -2.0000000e-01   1.5000000e+00   1.4484719e-01
  -2.0000000e-01   1.6000000e+00   1.1099259e-01
  -2.0000000e-01   1.7000000e+00   8.3691939e-02
  -2.0000000e-01   1.8000000e+00   6.2097787e-02
  -2.0000000e-01   1.9000000e+00   4.5338735e-02
  -2.0000000e-01   2.0000000e+00   3.2573313e-02
  -1.0000000e-01  -2.0000000e+00   3.0921187e-01
  -1.0000000e-01  -1.9000000e+00   3.3869888e-01
  -1.0000000e-01  -1.8000000e+00   3.6882421e-01
  -1.0000000e-01  -1.7000000e+00   4.0022857e-01
  -1.0000000e-01  -1.6000000e+00   4.3378598e-01
  -1.0000000e-01  -1.5000000e+00   4.7051977e-01
  -1.0000000e-01  -1.4000000e+00   5.1147933e-01
  -1.0000000e-01  -1.3000000e+00   5.5758844e-01
  -1.0000000e-01  -1.2000000e+00   6.0948118e-01
  -1.0000000e-01  -1.1000000e+00   6.6734526e-01
  -1.0000000e-01  -1.0000000e+00   7.3079382e-01
  -1.0000000e-01  -9.0000000e-01   7.9878495e-01
  -1.0000000e-01  -8.0000000e-01   8.6960387e-01
  -1.0000000e-01  -7.0000000e-01   9.4091588e-01
  -1.0000000e-01  -6.0000000e-01   1.0098899e+00
  -1.0000000e-01  -5.0000000e-01   1.0733844e+00
  -1.0000000e-01  -4.0000000e-01   1.1281790e+00
  -1.0000000e-01  -3.0000000e-01   1.1712301e+00
  -1.0000000e-01  -2.0000000e-01   1.1999130e+00
  -1.0000000e-01  -1.0000000e-01   1.2122261e+00
  -1.0000000e-01   0.0000000e+00   1.2069789e+00
  -1.0000000e-01   1.0000000e-01   1.1839195e+00
  -1.0000000e-01   2.0000000e-01   1.1437235e+00
  -1.0000000e-01   3.0000000e-01   1.0879129e+00
  -1.0000000e-01   4.0000000e-01   1.0187420e+00
  -1.0000000e-01   5.0000000e-01   9.3902086e-01
  -1.0000000e-01   6.0000000e-01   8.5189600e-01
  -1.0000000e-01   7.0000000e-01   7.6062160e-01
  -1.0000000e-01   8.0000000e-01   6.6834394e-01
  -1.0000000e-01   9.0000000e-01   5.7791661e-01
  -1.0000000e-01   1.0000000e+00   4.9175975e-01
  -1.0000000e-01   1.1000000e+00   4.1177069e-01
  -1.0000000e-01   1.2000000e+00   3.3928669e-01
  -1.0000000e-01   1.3000000e+00   2.7509524e-01
  -1.0000000e-01   1.4000000e+00   2.1948323e-01
  -1.0000000e-01   1.5000000e+00   1.7231361e-01
  -1.0000000e-01   1.6000000e+00   1.3311786e-01
  -1.0000000e-01   1.7000000e+00   1.0119303e-01
  -1.0000000e-01   1.8000000e+00   7.5694044e-02
  -1.0000000e-01   1.9000000e+00   5.5714616e-02
  -1.0000000e-01   2.0000000e+00   4.0352697e-02
   0.0000000e+00  -2.0000000e+00   2.3707666e-01
   0.0000000e+00  -1.9000000e+00   2.5381842e-01
   0.0000000e+00  -1.8000000e+00   2.7212829e-01
   0.0000000e+00  -1.7000000e+00   2.9319756e-01
   0.0000000e+00  -1.6000000e+00   3.1836829e-01
   0.0000000e+00  -1.5000000e+00   3.4901763e-01
   0.0000000e+00  -1.4000000e+00   3.8641729e-01
   0.0000000e+00  -1.3000000e+00   4.3158017e-01
   0.0000000e+00  -1.2000000e+00   4.8510854e-01
   0.0000000e+00  -1.1000000e+00   5.4705974e-01
   0.0000000e+00  -1.0000000e+00   6.1684523e-01
   0.0000000e+00  -9.0000000e-01   6.9317671e-01
   0.0000000e+00  -8.0000000e-01   7.7406989e-01
   0.0000000e+00  -7.0000000e-01   8.5691104e-01
   0.0000000e+00  -6.0000000e-01   9.3858556e-01
   0.0000000e+00  -5.0000000e-01   1.0156615e+00
   0.0000000e+00  -4.0000000e-01   1.0846143e+00
   0.0000000e+00  -3.0000000e-01   1.1420737e+00
   0.0000000e+00  -2.0000000e-01   1.1850705e+00
   0.0000000e+00  -1.0000000e-01   1.2112593e+00
   0.0000000e+00   0.0000000e+00   1.2190977e+00
   0.0000000e+00   1.0000000e-01   1.2079628e+00
   0.0000000e+00   2.0000000e-01   1.1781910e+00
   0.0000000e+00   3.0000000e-01   1.1310400e+00
   0.0000000e+00   4.0000000e-01   1.0685814e+00
   0.0000000e+00   5.0000000e-01   9.9353228e-01
   0.0000000e+00   6.0000000e-01   9.0904498e-01
   0.0000000e+00   7.0000000e-01   8.1847800e-01
   0.0000000e+00   8.0000000e-01   7.2516946e-01
   0.0000000e+00   9.0000000e-01   6.3223392e-01
   0.0000000e+00   1.0000000e+00   5.4239844e-01
   0.0000000e+00   1.1000000e+00   4.5788783e-01
   0.0000000e+00   1.2000000e+00   3.8036295e-01
   0.0000000e+00   1.3000000e+00   3.1091000e-01
   0.0000000e+00   1.4000000e+00   2.5007360e-01
   0.0000000e+00   1.5000000e+00   1.9792342e-01
   0.0000000e+00   1.6000000e+00   1.5414250e-01
   0.0000000e+00   1.7000000e+00   1.1812539e-01
   0.0000000e+00   1.8000000e+00   8.9075785e-02
   0.0000000e+00   1.9000000e+00   6.6095435e-02
   0.0000000e+00   2.0000000e+00   4.8259036e-02
   1.0000000e-01  -2.0000000e+00   1.5621554e-01
   1.0000000e-01  -1.9000000e+00   1.6609743e-01
   1.0000000e-01  -1.8000000e+00   1.7883727e-01
   1.0000000e-01  -1.7000000e+00   1.9572096e-01
   1.0000000e-01  -1.6000000e+00   2.1808599e-01
   1.0000000e-01  -1.5000000e+00   2.4722025e-01
   1.0000000e-01  -1.4000000e+00   2.8424754e-01
   1.0000000e-01  -1.3000000e+00   3.3000692e-01
   1.0000000e-01  -1.2000000e+00   3.8493520e-01
   1.0000000e-01  -1.1000000e+00   4.4896250e-01
   1.0000000e-01  -1.0000000e+00   5.2143195e-01
   1.0000000e-01  -9.0000000e-01   6.0105396e-01
   1.0000000e-01  -8.0000000e-01   6.8590425e-01
   1.0000000e-01  -7.0000000e-01   7.7347214e-01
   1.0000000e-01  -6.0000000e-01   8.6076153e-01
   1.0000000e-01  -5.0000000e-01   9.4444194e-01
   1.0000000e-01  -4.0000000e-01   1.0210414e+00
   1.0000000e-01  -3.0000000e-01   1.0871675e+00
   1.0000000e-01  -2.0000000e-01   1.1397384e+00
   1.0000000e-01  -1.0000000e-01   1.1762029e+00
   1.0000000e-01   0.0000000e+00   1.1947285e+00
   1.0000000e-01   1.0000000e-01   1.1943374e+00
   1.0000000e-01   2.0000000e-01   1.1749781e+00
   1.0000000e-01   3.0000000e-01   1.1375233e+00
   1.0000000e-01   4.0000000e-01   1.0836955e+00
   1.0000000e-01   5.0000000e-01   1.0159289e+00
   1.0000000e-01   6.0000000e-01   9.3718115e-01
   1.0000000e-01   7.0000000e-01   8.5071638e-01
   1.0000000e-01   8.0000000e-01   7.5987999e-01
   1.0000000e-01   9.0000000e-01   6.6788679e-01
   1.0000000e-01   1.0000000e+00   5.7764029e-01
   1.0000000e-01   1.1000000e+00   4.9159597e-01
   1.0000000e-01   1.2000000e+00   4.1167550e-01
   1.0000000e-01   1.3000000e+00   3.3923244e-01
   1.0000000e-01   1.4000000e+00   2.7506493e-01
   1.0000000e-01   1.5000000e+00   2.1946661e-01
   1.0000000e-01   1.6000000e+00   1.7230467e-01
   1.0000000e-01   1.7000000e+00   1.3311315e-01
   1.0000000e-01   1.8000000e+00   1.0119060e-01
   1.0000000e-01   1.9000000e+00   7.5692810e-02
   1.0000000e-01   2.0000000e+00   5.5714003e-02
   2.0000000e-01  -2.0000000e+00   9.1142449e-02
   2.0000000e-01  -1.9000000e+00   9.8806902e-02
   2.0000000e-01  -1.8000000e+00   1.0997040e-01
   2.0000000e-01  -1.7000000e+00   1.2572813e-01
   2.0000000e-01  -1.6000000e+00   1.4718846e-01
   2.0000000e-01  -1.5000000e+00   1.7540320e-01
   2.0000000e-01  -1.4000000e+00   2.1128679e-01
   2.0000000e-01  -1.3000000e+00   2.5552736e-01
   2.0000000e-01  -1.2000000e+00   3.0849457e-01
   2.0000000e-01  -1.1000000e+00   3.7015105e-01
   2.0000000e-01  -1.0000000e+00   4.3997599e-01
   2.0000000e-01  -9.0000000e-01   5.1691056e-01
   2.0000000e-01  -8.0000000e-01   5.9933526e-01
   2.0000000e-01  -7.0000000e-01   6.8508752e-01
   2.0000000e-01  -6.0000000e-01   7.7152568e-01
   2.0000000e-01  -5.0000000e-01   8.5564070e-01
   2.0000000e-01  -4.0000000e-01   9.3421208e-01
   2.0000000e-01  -3.0000000e-01   1.0039983e+00
   2.0000000e-01  -2.0000000e-01   1.0619478e+00
   2.0000000e-01  -1.0000000e-01   1.1054106e+00
   2.0000000e-01   0.0000000e+00   1.1323323e+00
   2.0000000e-01   1.0000000e-01   1.1414083e+00
   2.0000000e-01   2.0000000e-01   1.1321836e+00
   2.0000000e-01   3.0000000e-01   1.1050867e+00
   2.0000000e-01   4.0000000e-01   1.0613930e+00
   2.0000000e-01   5.0000000e-01   1.0031239e+00
   2.0000000e-01   6.0000000e-01   9.3288935e-01
   2.0000000e-01   7.0000000e-01   8.5369384e-01
   2.0000000e-01   8.0000000e-01   7.6872347e-01
   2.0000000e-01   9.0000000e-01   6.8113600e-01
   2.0000000e-01   1.0000000e+00   5.9387228e-01
   2.0000000e-01   1.1000000e+00   5.0950410e-01
   2.0000000e-01   1.2000000e+00   4.3012795e-01
   2.0000000e-01   1.3000000e+00   3.5730818e-01
   2.0000000e-01   1.4000000e+00   2.9206770e-01
   2.0000000e-01   1.5000000e+00   2.3491967e-01
   2.0000000e-01   1.6000000e+00   1.8593044e-01
   2.0000000e-01   1.7000000e+00   1.4480277e-01
   2.0000000e-01   1.8000000e+00   1.1096819e-01
   2.0000000e-01   1.9000000e+00   8.3678784e-02
   2.0000000e-01   2.0000000e+00   6.2090834e-02
   3.0000000e-01  -2.0000000e+00   4.9771848e-02
   3.0000000e-01  -1.9000000e+00   5.6950139e-02
   3.0000000e-01  -1.8000000e+00   6.7477451e-02
   3.0000000e-01  -1.7000000e+00   8.2207909e-02
   3.0000000e-01  -1.6000000e+00   1.0201950e-01
   3.0000000e-01  -1.5000000e+00   1.2776905e-01
   3.0000000e-01  -1.4000000e+00   1.6023461e-01
   3.0000000e-01  -1.3000000e+00   2.0004618e-01
   3.0000000e-01  -1.2000000e+00   2.4760760e-01
   3.0000000e-01  -1.1000000e+00   3.0301492e-01
   3.0000000e-01  -1.0000000e+00   3.6597863e-01
   3.0000000e-01  -9.0000000e-01   4.3575901e-01
   3.0000000e-01  -8.0000000e-01   5.1112472e-01
   3.0000000e-01  -7.0000000e-01   5.9034422e-01
   3.0000000e-01  -6.0000000e-01   6.7121754e-01
   3.0000000e-01  -5.0000000e-01   7.5115280e-01
   3.0000000e-01  -4.0000000e-01   8.2728670e-01
   3.0000000e-01  -3.0000000e-01   8.9664322e-01
   3.0000000e-01  -2.0000000e-01   9.5631928e-01
   3.0000000e-01  -1.0000000e-01   1.0036816e+00
   3.0000000e-01   0.0000000e+00   1.0365564e+00
   3.0000000e-01   1.0000000e-01   1.0533927e+00
   3.0000000e-01   2.0000000e-01   1.0533822e+00
   3.0000000e-01   3.0000000e-01   1.0365224e+00
   3.0000000e-01   4.0000000e-01   1.0036164e+00
   3.0000000e-01   5.0000000e-01   9.5620857e-01
   3.0000000e-01   6.0000000e-01   8.9646458e-01
   3.0000000e-01   7.0000000e-01   8.2700683e-01
   3.0000000e-01   8.0000000e-01   7.5072423e-01
   3.0000000e-01   9.0000000e-01   6.7057459e-01
   3.0000000e-01   1.0000000e+00   5.8939852e-01
   3.0000000e-01   1.1000000e+00   5.0976060e-01
   3.0000000e-01   1.2000000e+00   4.3382917e-01
   3.0000000e-01   1.3000000e+00   3.6330091e-01
   3.0000000e-01   1.4000000e+00   2.9937084e-01
   3.0000000e-01   1.5000000e+00   2.4274357e-01
   3.0000000e-01   1.6000000e+00   1.9367842e-01
   3.0000000e-01   1.7000000e+00   1.5205825e-01
   3.0000000e-01   1.8000000e+00   1.1747190e-01
   3.0000000e-01   1.9000000e+00   8.9300369e-02
   3.0000000e-01   2.0000000e+00   6.6798661e-02
   4.0000000e-01  -2.0000000e+00   2.7458701e-02
   4.0000000e-01  -1.9000000e+00   3.4018375e-02
   4.0000000e-01  -1.8000000e+00   4.3352629e-02
   4.0000000e-01  -1.7000000e+00   5.6127091e-02
   4.0000000e-01  -1.6000000e+00   7.3051723e-02
   4.0000000e-01  -1.5000000e+00   9.4850426e-02
   4.0000000e-01  -1.4000000e+00   1.2221774e-01
   4.0000000e-01  -1.3000000e+00   1.5576272e-01
   4.0000000e-01  -1.2000000e+00   1.9594173e-01
   4.0000000e-01  -1.1000000e+00   2.4298441e-01
   4.0000000e-01  -1.0000000e+00   2.9681860e-01
   4.0000000e-01  -9.0000000e-01   3.5700266e-01
   4.0000000e-01  -8.0000000e-01   4.2267398e-01
   4.0000000e-01  -7.0000000e-01   4.9252314e-01
   4.0000000e-01  -6.0000000e-01   5.6480173e-01
   4.0000000e-01  -5.0000000e-01   6.3736928e-01
   4.0000000e-01  -4.0000000e-01   7.0778110e-01
   4.0000000e-01  -3.0000000e-01   7.7341399e-01
   4.0000000e-01  -2.0000000e-01   8.3162209e-01
   4.0000000e-01  -1.0000000e-01   8.7991047e-01
   4.0000000e-01   0.0000000e+00   9.1611086e-01
   4.0000000e-01   1.0000000e-01   9.3854230e-01
   4.0000000e-01   2.0000000e-01   9.4614020e-01
   4.0000000e-01   3.0000000e-01   9.3853985e-01
   4.0000000e-01   4.0000000e-01   9.1610524e-01
   4.0000000e-01   5.0000000e-01   8.7990011e-01
   4.0000000e-01   6.0000000e-01   8.3160421e-01
   4.0000000e-01   7.0000000e-01   7.7338415e-01
   4.0000000e-01   8.0000000e-01   7.0773247e-01
   4.0000000e-01   9.0000000e-01   6.3729167e-01
   4.0000000e-01   1.0000000e+00   5.6468027e-01
   4.0000000e-01   1.1000000e+00   4.9233673e-01
   4.0000000e-01   1.2000000e+00   4.2239339e-01
   4.0000000e-01   1.3000000e+00   3.5658842e-01
   4.0000000e-01   1.4000000e+00   2.9621880e-01
   4.0000000e-01   1.5000000e+00   2.4213259e-01
   4.0000000e-01   1.6000000e+00   1.9475523e-01
   4.0000000e-01   1.7000000e+00   1.5414174e-01
   4.0000000e-01   1.8000000e+00   1.2004571e-01
   4.0000000e-01   1.9000000e+00   9.1995855e-02
   4.0000000e-01   2.0000000e+00   6.9372148e-02
   5.0000000e-01  -2.0000000e+00   1.6226698e-02
   5.0000000e-01  -1.9000000e+00   2.1665734e-02
   5.0000000e-01  -1.8000000e+00   2.9230933e-02
   5.0000000e-01  -1.7000000e+00   3.9448622e-02
   5.0000000e-01  -1.6000000e+00   5.2899795e-02
   5.0000000e-01  -1.5000000e+00   7.0199124e-02
   5.0000000e-01  -1.4000000e+00   9.1962554e-02
   5.0000000e-01  -1.3000000e+00   1.1876303e-01
   5.0000000e-01  -1.2000000e+00   1.5107535e-01
   5.0000000e-01  -1.1000000e+00   1.8921292e-01
   5.0000000e-01  -1.0000000e+00   2.3326092e-01
   5.0000000e-01  -9.0000000e-01   2.8301228e-01
   5.0000000e-01  -8.0000000e-01   3.3791403e-01
   5.0000000e-01  -7.0000000e-01   3.9703219e-01
   5.0000000e-01  -6.0000000e-01   4.5904286e-01
   5.0000000e-01  -5.0000000e-01   5.2225544e-01
   5.0000000e-01  -4.0000000e-01   5.8467128e-01
   5.0000000e-01  -3.0000000e-01   6.4407710e-01
   5.0000000e-01  -2.0000000e-01   6.9816860e-01
   5.0000000e-01  -1.0000000e-01   7.4469532e-01
   5.0000000e-01   0.0000000e+00   7.8161431e-01
   5.0000000e-01   1.0000000e-01   8.0723839e-01
   5.0000000e-01   2.0000000e-01   8.2036374e-01
   5.0000000e-01   3.0000000e-01   8.2036363e-01
   5.0000000e-01   4.0000000e-01   8.0723804e-01
   5.0000000e-01   5.0000000e-01   7.8161360e-01
   5.0000000e-01   6.0000000e-01   7.4469399e-01
   5.0000000e-01   7.0000000e-01   6.9816624e-01
   5.0000000e-01   8.0000000e-01   6.4407300e-01
   5.0000000e-01   9.0000000e-01   5.8466433e-01
   5.0000000e-01   1.0000000e+00   5.2224387e-01
   5.0000000e-01   1.1000000e+00   4.5902395e-01
   5.0000000e-01   1.2000000e+00   3.9700192e-01
   5.0000000e-01   1.3000000e+00   3.3786648e-01
   5.0000000e-01   1.4000000e+00   2.8293903e-01
   5.0000000e-01   1.5000000e+00   2.3315024e-01
   5.0000000e-01   1.6000000e+00   1.8904888e-01
   5.0000000e-01   1.7000000e+00   1.5083691e-01
   5.0000000e-01   1.8000000e+00   1.1842309e-01
   5.0000000e-01   1.9000000e+00   9.1487209e-02
   5.0000000e-01   2.0000000e+00   6.9547197e-02
   6.0000000e-01  -2.0000000e+00   1.0266636e-02
   6.0000000e-01  -1.9000000e+00   1.4390504e-02
   6.0000000e-01  -1.8000000e+00   2.0075720e-02
   6.0000000e-01  -1.7000000e+00   2.7734204e-02
   6.0000000e-01  -1.6000000e+00   3.7832173e-02
   6.0000000e-01  -1.5000000e+00   5.0876404e-02
   6.0000000e-01  -1.4000000e+00   6.7391306e-02
   6.0000000e-01  -1.3000000e+00   8.7886045e-02
   6.0000000e-01  -1.2000000e+00   1.1281198e-01
   6.0000000e-01  -1.1000000e+00   1.4251199e-01
   6.0000000e-01  -1.0000000e+00   1.7716481e-01
   6.0000000e-01  -9.0000000e-01   2.1672897e-01
   6.0000000e-01  -8.0000000e-01   2.6089230e-01
   6.0000000e-01  -7.0000000e-01   3.0903365e-01
   6.0000000e-01  -6.0000000e-01   3.6020366e-01
   6.0000000e-01  -5.0000000e-01   4.1313032e-01
   6.0000000e-01  -4.0000000e-01   4.6625335e-01
   6.0000000e-01  -3.0000000e-01   5.1778857e-01
   6.0000000e-01  -2.0000000e-01   5.6582013e-01
   6.0000000e-01  -1.0000000e-01   6.0841466e-01
   6.0000000e-01   0.0000000e+00   6.4374852e-01
   6.0000000e-01   1.0000000e-01   6.7023653e-01
   6.0000000e-01   2.0000000e-01   6.8664966e-01
   6.0000000e-01   3.0000000e-01   6.9220953e-01
   6.0000000e-01   4.0000000e-01   6.8664964e-01
   6.0000000e-01   5.0000000e-01   6.7023649e-01
   6.0000000e-01   6.0000000e-01   6.4374845e-01
   6.0000000e-01   7.0000000e-01   6.0841452e-01
   6.0000000e-01   8.0000000e-01   5.6581987e-01
   6.0000000e-01   9.0000000e-01   5.1778811e-01
   6.0000000e-01   1.0000000e+00   4.6625253e-01
   6.0000000e-01   1.1000000e+00   4.1312890e-01
   6.0000000e-01   1.2000000e+00   3.6020124e-01
   6.0000000e-01   1.3000000e+00   3.0902960e-01
   6.0000000e-01   1.4000000e+00   2.6088566e-01
   6.0000000e-01   1.5000000e+00   2.1671830e-01
   6.0000000e-01   1.6000000e+00   1.7714799e-01
   6.0000000e-01   1.7000000e+00   1.4248597e-01
   6.0000000e-01   1.8000000e+00   1.1277250e-01
   6.0000000e-01   1.9000000e+00   8.7827315e-02
   6.0000000e-01   2.0000000e+00   6.7305606e-02
   7.0000000e-01  -2.0000000e+00   6.6797336e-03
   7.0000000e-01  -1.9000000e+00   9.6046753e-03
   7.0000000e-01  -1.8000000e+00   1.3641047e-02
   7.0000000e-01  -1.7000000e+00   1.9101137e-02
   7.0000000e-01  -1.6000000e+00   2.6345279e-02
   7.0000000e-01  -1.5000000e+00   3.5773759e-02
   7.0000000e-01  -1.4000000e+00   4.7811772e-02
   7.0000000e-01  -1.3000000e+00   6.2886537e-02
   7.0000000e-01  -1.2000000e+00   8.1396301e-02
   7.0000000e-01  -1.1000000e+00   1.0367199e-01
   7.0000000e-01  -1.0000000e+00   1.2993338e-01
   7.0000000e-01  -9.0000000e-01   1.6024294e-01
   7.0000000e-01  -8.0000000e-01   1.9446172e-01
   7.0000000e-01  -7.0000000e-01   2.3221245e-01
   7.0000000e-01  -6.0000000e-01   2.7285542e-01
   7.0000000e-01  -5.0000000e-01   3.1548239e-01
   7.0000000e-01  -4.0000000e-01   3.5893269e-01
   7.0000000e-01  -3.0000000e-01   4.0183357e-01
   7.0000000e-01  -2.0000000e-01   4.4266449e-01
   7.0000000e-01  -1.0000000e-01   4.7984218e-01
   7.0000000e-01   0.0000000e+00   5.1182019e-01
   7.0000000e-01   1.0000000e-01   5.3719463e-01
   7.0000000e-01   2.0000000e-01   5.5480601e-01
   7.0000000e-01   3.0000000e-01   5.6382705e-01
   7.0000000e-01   4.0000000e-01   5.6382705e-01
   7.0000000e-01   5.0000000e-01   5.5480601e-01
   7.0000000e-01   6.0000000e-01   5.3719463e-01
   7.0000000e-01   7.0000000e-01   5.1182019e-01
   7.0000000e-01   8.0000000e-01   4.7984217e-01
   7.0000000e-01   9.0000000e-01   4.4266447e-01
   7.0000000e-01   1.0000000e+00   4.0183352e-01
   7.0000000e-01   1.1000000e+00   3.5893261e-01
   7.0000000e-01   1.2000000e+00   3.1548224e-01
   7.0000000e-01   1.3000000e+00   2.7285516e-01
   7.0000000e-01   1.4000000e+00   2.3221201e-01
   7.0000000e-01   1.5000000e+00   1.9446096e-01
   7.0000000e-01   1.6000000e+00   1.6024166e-01
   7.0000000e-01   1.7000000e+00   1.2993127e-01
   7.0000000e-01   1.8000000e+00   1.0366859e-01
   7.0000000e-01   1.9000000e+00   8.1390917e-02
   7.0000000e-01   2.0000000e+00   6.2878178e-02
   8.0000000e-01  -2.0000000e+00   4.3107339e-03
   8.0000000e-01  -1.9000000e+00   6.2848334e-03
   8.0000000e-01  -1.8000000e+00   9.0256444e-03
   8.0000000e-01  -1.7000000e+00   1.2760739e-02
   8.0000000e-01  -1.6000000e+00   1.7757203e-02
   8.0000000e-01  -1.5000000e+00   2.4317547e-02
   8.0000000e-01  -1.4000000e+00   3.2770640e-02
   8.0000000e-01  -1.3000000e+00   4.3456745e-02
   8.0000000e-01  -1.2000000e+00   5.6706181e-02
   8.0000000e-01  -1.1000000e+00   7.2811768e-02
   8.0000000e-01  -1.0000000e+00   9.1996073e-02
   8.0000000e-01  -9.0000000e-01   1.1437546e-01
   8.0000000e-01  -8.0000000e-01   1.3992392e-01
   8.0000000e-01  -7.0000000e-01   1.6844048e-01
   8.0000000e-01  -6.0000000e-01   1.9952453e-01
   8.0000000e-01  -5.0000000e-01   2.3256341e-01
   8.0000000e-01  -4.0000000e-01   2.6673607e-01
   8.0000000e-01  -3.0000000e-01   3.0103526e-01
   8.0000000e-01  -2.0000000e-01   3.3430913e-01
   8.0000000e-01  -1.0000000e-01   3.6532077e-01
   8.0000000e-01   0.0000000e+00   3.9282194e-01
   8.0000000e-01   1.0000000e-01   4.1563524e-01
   8.0000000e-01   2.0000000e-01   4.3273720e-01
   8.0000000e-01   3.0000000e-01   4.4333433e-01
   8.0000000e-01   4.0000000e-01   4.4692406e-01
   8.0000000e-01   5.0000000e-01   4.4333433e-01
   8.0000000e-01   6.0000000e-01   4.3273720e-01
   8.0000000e-01   7.0000000e-01   4.1563524e-01
   8.0000000e-01   8.0000000e-01   3.9282194e-01
   8.0000000e-01   9.0000000e-01   3.6532077e-01
   8.0000000e-01   1.0000000e+00   3.3430913e-01
   8.0000000e-01   1.1000000e+00   3.0103526e-01
   8.0000000e-01   1.2000000e+00   2.6673607e-01
   8.0000000e-01   1.3000000e+00   2.3256340e-01
   8.0000000e-01   1.4000000e+00   1.9952451e-01
   8.0000000e-01   1.5000000e+00   1.6844044e-01
   8.0000000e-01   1.6000000e+00   1.3992385e-01
   8.0000000e-01   1.7000000e+00   1.1437534e-01
   8.0000000e-01   1.8000000e+00   9.1995855e-02
   8.0000000e-01   1.9000000e+00   7.2811402e-02
   8.0000000e-01   2.0000000e+00   5.6705577e-02
   9.0000000e-01  -2.0000000e+00   2.7097067e-03
   9.0000000e-01  -1.9000000e+00   3.9888535e-03
   9.0000000e-01  -1.8000000e+00   5.7792371e-03
   9.0000000e-01  -1.7000000e+00   8.2401493e-03
   9.0000000e-01  -1.6000000e+00   1.1561563e-02
   9.0000000e-01  -1.5000000e+00   1.5962583e-02
   9.0000000e-01  -1.4000000e+00   2.1686507e-02
   9.0000000e-01  -1.3000000e+00   2.8991680e-02
   9.0000000e-01  -1.2000000e+00   3.8137599e-02
   9.0000000e-01  -1.1000000e+00   4.9366119e-02
   9.0000000e-01  -1.0000000e+00   6.2878196e-02
   9.0000000e-01  -9.0000000e-01   7.8807309e-02
   9.0000000e-01  -8.0000000e-01   9.7191484e-02
   9.0000000e-01  -7.0000000e-01   1.1794654e-01
   9.0000000e-01  -6.0000000e-01   1.4084370e-01
   9.0000000e-01  -5.0000000e-01   1.6549502e-01
   9.0000000e-01  -4.0000000e-01   1.9134965e-01
   9.0000000e-01  -3.0000000e-01   2.1770363e-01
   9.0000000e-01  -2.0000000e-01   2.4372435e-01
   9.0000000e-01  -1.0000000e-01   2.6848957e-01
   9.0000000e-01   0.0000000e+00   2.9103899e-01
   9.0000000e-01   1.0000000e-01   3.1043463e-01
   9.0000000e-01   2.0000000e-01   3.2582501e-01
   9.0000000e-01   3.0000000e-01   3.3650686e-01
   9.0000000e-01   4.0000000e-01   3.4197839e-01
   9.0000000e-01   5.0000000e-01   3.4197839e-01
   9.0000000e-01   6.0000000e-01   3.3650686e-01
   9.0000000e-01   7.0000000e-01   3.2582501e-01
   9.0000000e-01   8.0000000e-01   3.1043463e-01
   9.0000000e-01   9.0000000e-01   2.9103899e-01
   9.0000000e-01   1.0000000e+00   2.6848957e-01
   9.0000000e-01   1.1000000e+00   2.4372435e-01
   9.0000000e-01   1.2000000e+00   2.1770363e-01
   9.0000000e-01   1.3000000e+00   1.9134965e-01
   9.0000000e-01   1.4000000e+00   1.6549502e-01
   9.0000000e-01   1.5000000e+00   1.4084370e-01
   9.0000000e-01   1.6000000e+00   1.1794653e-01
   9.0000000e-01   1.7000000e+00   9.7191479e-02
   9.0000000e-01   1.8000000e+00   7.8807299e-02
   9.0000000e-01   1.9000000e+00   6.2878178e-02
   9.0000000e-01   2.0000000e+00   4.9366087e-02
   1.0000000e+00  -2.0000000e+00   1.6482392e-03
   1.0000000e+00  -1.9000000e+00   2.4468201e-03
   1.0000000e+00  -1.8000000e+00   3.5743617e-03
   1.0000000e+00  -1.7000000e+00   5.1380549e-03
   1.0000000e+00  -1.6000000e+00   7.2677165e-03
   1.0000000e+00  -1.5000000e+00   1.0115657e-02
   1.0000000e+00  -1.4000000e+00   1.3854351e-02
   1.0000000e+00  -1.3000000e+00   1.8671268e-02
   1.0000000e+00  -1.2000000e+00   2.4760353e-02
   1.0000000e+00  -1.1000000e+00   3.2309866e-02
   1.0000000e+00  -1.0000000e+00   4.1486687e-02
   1.0000000e+00  -9.0000000e-01   5.2417659e-02
   1.0000000e+00  -8.0000000e-01   6.5169102e-02
   1.0000000e+00  -7.0000000e-01   7.9726208e-02
   1.0000000e+00  -6.0000000e-01   9.5974472e-02
   1.0000000e+00  -5.0000000e-01   1.1368564e-01
   1.0000000e+00  -4.0000000e-01   1.3251063e-01
   1.0000000e+00  -3.0000000e-01   1.5198163e-01
   1.0000000e+00  -2.0000000e-01   1.7152472e-01
   1.0000000e+00  -1.0000000e-01   1.9048360e-01
   1.0000000e+00   0.0000000e+00   2.0815350e-01
   1.0000000e+00   1.0000000e-01   2.2382319e-01
   1.0000000e+00   2.0000000e-01   2.3682182e-01
   1.0000000e+00   3.0000000e-01   2.4656623e-01
   1.0000000e+00   4.0000000e-01   2.5260428e-01
   1.0000000e+00   5.0000000e-01   2.5464965e-01
   1.0000000e+00   6.0000000e-01   2.5260428e-01
   1.0000000e+00   7.0000000e-01   2.4656623e-01
   1.0000000e+00   8.0000000e-01   2.3682182e-01
   1.0000000e+00   9.0000000e-01   2.2382319e-01
   1.0000000e+00   1.0000000e+00   2.0815350e-01
   1.0000000e+00   1.1000000e+00   1.9048360e-01
   1.0000000e+00   1.2000000e+00   1.7152472e-01
   1.0000000e+00   1.3000000e+00   1.5198163e-01
   1.0000000e+00   1.4000000e+00   1.3251063e-01
   1.0000000e+00   1.5000000e+00   1.1368564e-01
   1.0000000e+00   1.6000000e+00   9.5974472e-02
   1.0000000e+00   1.7000000e+00   7.9726208e-02
   1.0000000e+00   1.8000000e+00   6.5169102e-02
   1.0000000e+00   1.9000000e+00   5.2417658e-02
   1.0000000e+00   2.0000000e+00   4.1486686e-02
   1.1000000e+00  -2.0000000e+00   9.6834519e-04
   1.1000000e+00  -1.9000000e+00   1.4492508e-03
   1.1000000e+00  -1.8000000e+00   2.1342991e-03
   1.1000000e+00  -1.7000000e+00   3.0928838e-03
   1.1000000e+00  -1.6000000e+00   4.4102956e-03
   1.1000000e+00  -1.5000000e+00   6.1882420e-03
   1.1000000e+00  -1.4000000e+00   8.5440192e-03
   1.1000000e+00  -1.3000000e+00   1.1607867e-02
   1.1000000e+00  -1.2000000e+00   1.5518078e-02
   1.1000000e+00  -1.1000000e+00   2.0413556e-02
   1.1000000e+00  -1.0000000e+00   2.6423762e-02
   1.1000000e+00  -9.0000000e-01   3.3656263e-02
   1.1000000e+00  -8.0000000e-01   4.2182508e-02
   1.1000000e+00  -7.0000000e-01   5.2022850e-02
   1.1000000e+00  -6.0000000e-01   6.3132231e-02
   1.1000000e+00  -5.0000000e-01   7.5388201e-02
   1.1000000e+00  -4.0000000e-01   8.8583101e-02
   1.1000000e+00  -3.0000000e-01   1.0242209e-01
   1.1000000e+00  -2.0000000e-01   1.1652836e-01
   1.1000000e+00  -1.0000000e-01   1.3045624e-01
   1.1000000e+00   0.0000000e+00   1.4371211e-01
   1.1000000e+00   1.0000000e-01   1.5578194e-01
   1.1000000e+00   2.0000000e-01   1.6616369e-01
   1.1000000e+00   3.0000000e-01   1.7440156e-01
   1.1000000e+00   4.0000000e-01   1.8011914e-01
   1.1000000e+00   5.0000000e-01   1.8304784e-01
   1.1000000e+00   6.0000000e-01   1.8304784e-01
   1.1000000e+00   7.0000000e-01   1.8011914e-01
   1.1000000e+00   8.0000000e-01   1.7440156e-01
   1.1000000e+00   9.0000000e-01   1.6616369e-01
   1.1000000e+00   1.0000000e+00   1.5578194e-01
   1.1000000e+00   1.1000000e+00   1.4371211e-01
   1.1000000e+00   1.2000000e+00   1.3045624e-01
   1.1000000e+00   1.3000000e+00   1.1652836e-01
   1.1000000e+00   1.4000000e+00   1.0242209e-01
   1.1000000e+00   1.5000000e+00   8.8583101e-02
   1.1000000e+00   1.6000000e+00   7.5388201e-02
   1.1000000e+00   1.7000000e+00   6.3132231e-02
   1.1000000e+00   1.8000000e+00   5.2022850e-02
   1.1000000e+00   1.9000000e+00   4.2182508e-02
   1.1000000e+00   2.0000000e+00   3.3656263e-02
   1.2000000e+00  -2.0000000e+00   5.4923906e-04
   1.2000000e+00  -1.9000000e+00   8.2867038e-04
   1.2000000e+00  -1.8000000e+00   1.2302628e-03
   1.2000000e+00  -1.7000000e+00   1.7972538e-03
   1.2000000e+00  -1.6000000e+00   2.5835462e-03
   1.2000000e+00  -1.5000000e+00   3.6544189e-03
   1.2000000e+00  -1.4000000e+00   5.0864607e-03
   1.2000000e+00  -1.3000000e+00   6.9663984e-03
   1.2000000e+00  -1.2000000e+00   9.3884993e-03
   1.2000000e+00  -1.1000000e+00   1.2450285e-02
   1.2000000e+00  -1.0000000e+00   1.6246420e-02
   1.2000000e+00  -9.0000000e-01   2.0860816e-02
   1.2000000e+00  -8.0000000e-01   2.6357254e-02
   1.2000000e+00  -7.0000000e-01   3.2769082e-02
   1.2000000e+00  -6.0000000e-01   4.0088855e-02
   1.2000000e+00  -5.0000000e-01   4.8258995e-02
   1.2000000e+00  -4.0000000e-01   5.7164728e-02
   1.2000000e+00  -3.0000000e-01   6.6630530e-02
   1.2000000e+00  -2.0000000e-01   7.6421163e-02
   1.2000000e+00  -1.0000000e-01   8.6248046e-02
   1.2000000e+00   0.0000000e+00   9.5781170e-02
   1.2000000e+00   1.0000000e-01   1.0466615e-01
   1.2000000e+00   2.0000000e-01   1.1254537e-01
   1.2000000e+00   3.0000000e-01   1.1908149e-01
   1.2000000e+00   4.0000000e-01   1.2398128e-01
   1.2000000e+00   5.0000000e-01   1.2701741e-01
   1.2000000e+00   6.0000000e-01   1.2804589e-01
   1.2000000e+00   7.0000000e-01   1.2701741e-01
   1.2000000e+00   8.0000000e-01   1.2398128e-01
   1.2000000e+00   9.0000000e-01   1.1908149e-01
   1.2000000e+00   1.0000000e+00   1.1254537e-01
   1.2000000e+00   1.1000000e+00   1.0466615e-01
   1.2000000e+00   1.2000000e+00   9.5781170e-02
   1.2000000e+00   1.3000000e+00   8.6248046e-02
   1.2000000e+00   1.4000000e+00   7.6421163e-02
   1.2000000e+00   1.5000000e+00   6.6630530e-02
   1.2000000e+00   1.6000000e+00   5.7164728e-02
   1.2000000e+00   1.7000000e+00   4.8258995e-02
   1.2000000e+00   1.8000000e+00   4.0088855e-02
   1.2000000e+00   1.9000000e+00   3.2769082e-02
   1.2000000e+00   2.0000000e+00   2.6357254e-02
   1.3000000e+00  -2.0000000e+00   3.0072999e-04
   1.3000000e+00  -1.9000000e+00   4.5740420e-04
   1.3000000e+00  -1.8000000e+00   6.8457157e-04
   1.3000000e+00  -1.7000000e+00   1.0081678e-03
   1.3000000e+00  -1.6000000e+00   1.4609726e-03
   1.3000000e+00  -1.5000000e+00   2.0832749e-03
   1.3000000e+00  -1.4000000e+00   2.9231178e-03
   1.3000000e+00  -1.3000000e+00   4.0359085e-03
   1.3000000e+00  -1.2000000e+00   5.4831680e-03
   1.3000000e+00  -1.1000000e+00   7.3302207e-03
   1.3000000e+00  -1.0000000e+00   9.6426809e-03
   1.3000000e+00  -9.0000000e-01   1.2481701e-02
   1.3000000e+00  -8.0000000e-01   1.5898093e-02
   1.3000000e+00  -7.0000000e-01   1.9925606e-02
   1.3000000e+00  -6.0000000e-01   2.4573854e-02
   1.3000000e+00  -5.0000000e-01   2.9821554e-02
   1.3000000e+00  -4.0000000e-01   3.5610865e-02
   1.3000000e+00  -3.0000000e-01   4.1843694e-02
   1.3000000e+00  -2.0000000e-01   4.8380769e-02
   1.3000000e+00  -1.0000000e-01   5.5044098e-02
   1.3000000e+00   0.0000000e+00   6.1623167e-02
   1.3000000e+00   1.0000000e-01   6.7884795e-02
   1.3000000e+00   2.0000000e-01   7.3586180e-02
   1.3000000e+00   3.0000000e-01   7.8490168e-02
   1.3000000e+00   4.0000000e-01   8.2381464e-02
   1.3000000e+00   5.0000000e-01   8.5082258e-02
   1.3000000e+00   6.0000000e-01   8.6465679e-02
   1.3000000e+00   7.0000000e-01   8.6465679e-02
   1.3000000e+00   8.0000000e-01   8.5082258e-02
   1.3000000e+00   9.0000000e-01   8.2381464e-02
   1.3000000e+00   1.0000000e+00   7.8490168e-02
   1.3000000e+00   1.1000000e+00   7.3586180e-02
   1.3000000e+00   1.2000000e+00   6.7884795e-02
   1.3000000e+00   1.3000000e+00   6.1623167e-02
   1.3000000e+00   1.4000000e+00   5.5044098e-02
   1.3000000e+00   1.5000000e+00   4.8380769e-02
   1.3000000e+00   1.6000000e+00   4.1843694e-02
   1.3000000e+00   1.7000000e+00   3.5610865e-02
   1.3000000e+00   1.8000000e+00   2.9821554e-02
   1.3000000e+00   1.9000000e+00   2.4573854e-02
   1.3000000e+00   2.0000000e+00   1.9925606e-02
   1.4000000e+00  -2.0000000e+00   1.5895350e-04
   1.4000000e+00  -1.9000000e+00   2.4372269e-04
   1.4000000e+00  -1.8000000e+00   3.6771986e-04
   1.4000000e+00  -1.7000000e+00   5.4592559e-04
   1.4000000e+00  -1.6000000e+00   7.9752640e-04
   1.4000000e+00  -1.5000000e+00   1.1464416e-03
   1.4000000e+00  -1.4000000e+00   1.6216385e-03
   1.4000000e+00  -1.3000000e+00   2.2571032e-03
   1.4000000e+00  -1.2000000e+00   3.0913206e-03
   1.4000000e+00  -1.1000000e+00   4.1661213e-03
   1.4000000e+00  -1.0000000e+00   5.5247805e-03
   1.4000000e+00  -9.0000000e-01   7.2093050e-03
   1.4000000e+00  -8.0000000e-01   9.2569309e-03
   1.4000000e+00  -7.0000000e-01   1.1695960e-02
   1.4000000e+00  -6.0000000e-01   1.4541192e-02
   1.4000000e+00  -5.0000000e-01   1.7789322e-02
   1.4000000e+00  -4.0000000e-01   2.1414799e-02
   1.4000000e+00  -3.0000000e-01   2.5366694e-02
   1.4000000e+00  -2.0000000e-01   2.9567118e-02
   1.4000000e+00  -1.0000000e-01   3.3911685e-02
   1.4000000e+00   0.0000000e+00   3.8272338e-02
   1.4000000e+00   1.0000000e-01   4.2502636e-02
   1.4000000e+00   2.0000000e-01   4.6445324e-02
   1.4000000e+00   3.0000000e-01   4.9941705e-02
   1.4000000e+00   4.0000000e-01   5.2842090e-02
   1.4000000e+00   5.0000000e-01   5.5016361e-02
   1.4000000e+00   6.0000000e-01   5.6363634e-02
   1.4000000e+00   7.0000000e-01   5.6820018e-02
   1.4000000e+00   8.0000000e-01   5.6363634e-02
   1.4000000e+00   9.0000000e-01   5.5016361e-02
   1.4000000e+00   1.0000000e+00   5.2842090e-02
   1.4000000e+00   1.1000000e+00   4.9941705e-02
   1.4000000e+00   1.2000000e+00   4.6445324e-02
   1.4000000e+00   1.3000000e+00   4.2502636e-02
   1.4000000e+00   1.4000000e+00   3.8272338e-02
   1.4000000e+00   1.5000000e+00   3.3911685e-02
   1.4000000e+00   1.6000000e+00   2.9567118e-02
   1.4000000e+00   1.7000000e+00   2.5366694e-02
   1.4000000e+00   1.8000000e+00   2.1414799e-02
   1.4000000e+00   1.9000000e+00   1.7789322e-02
   1.4000000e+00   2.0000000e+00   1.4541192e-02
   1.5000000e+00  -2.0000000e+00   8.1103705e-05
   1.5000000e+00  -1.9000000e+00   1.2536287e-04
   1.5000000e+00  -1.8000000e+00   1.9067442e-04
   1.5000000e+00  -1.7000000e+00   2.8537188e-04
   1.5000000e+00  -1.6000000e+00   4.2026688e-04
   1.5000000e+00  -1.5000000e+00   6.0902400e-04
   1.5000000e+00  -1.4000000e+00   8.6843816e-04
   1.5000000e+00  -1.3000000e+00   1.2185368e-03
   1.5000000e+00  -1.2000000e+00   1.6824170e-03
   1.5000000e+00  -1.1000000e+00   2.2857245e-03
   1.5000000e+00  -1.0000000e+00   3.0556906e-03
   1.5000000e+00  -9.0000000e-01   4.0196674e-03
   1.5000000e+00  -8.0000000e-01   5.2031473e-03
   1.5000000e+00  -7.0000000e-01   6.6273112e-03
   1.5000000e+00  -6.0000000e-01   8.3062282e-03
   1.5000000e+00  -5.0000000e-01   1.0243907e-02
   1.5000000e+00  -4.0000000e-01   1.2431473e-02
   1.5000000e+00  -3.0000000e-01   1.4844817e-02
   1.5000000e+00  -2.0000000e-01   1.7443047e-02
   1.5000000e+00  -1.0000000e-01   2.0168105e-02
   1.5000000e+00   0.0000000e+00   2.2945794e-02
   1.5000000e+00   1.0000000e-01   2.5688358e-02
   1.5000000e+00   2.0000000e-01   2.8298593e-02
   1.5000000e+00   3.0000000e-01   3.0675284e-02
   1.5000000e+00   4.0000000e-01   3.2719570e-02
   1.5000000e+00   5.0000000e-01   3.4341703e-02
   1.5000000e+00   6.0000000e-01   3.5467562e-02
   1.5000000e+00   7.0000000e-01   3.6044257e-02
   1.5000000e+00   8.0000000e-01   3.6044257e-02
   1.5000000e+00   9.0000000e-01   3.5467562e-02
   1.5000000e+00   1.0000000e+00   3.4341703e-02
   1.5000000e+00   1.1000000e+00   3.2719570e-02
   1.5000000e+00   1.2000000e+00   3.0675284e-02
   1.5000000e+00   1.3000000e+00   2.8298593e-02
   1.5000000e+00   1.4000000e+00   2.5688358e-02
   1.5000000e+00   1.5000000e+00   2.2945794e-02
   1.5000000e+00   1.6000000e+00   2.0168105e-02
   1.5000000e+00   1.7000000e+00   1.7443047e-02
   1.5000000e+00   1.8000000e+00   1.4844817e-02
   1.5000000e+00   1.9000000e+00   1.2431473e-02
   1.5000000e+00   2.0000000e+00   1.0243907e-02
   1.6000000e+00  -2.0000000e+00   3.9947389e-05
   1.6000000e+00  -1.9000000e+00   6.2247085e-05
   1.6000000e+00  -1.8000000e+00   9.5443177e-05
   1.6000000e+00  -1.7000000e+00   1.4400116e-04
   1.6000000e+00  -1.6000000e+00   2.1378753e-04
   1.6000000e+00  -1.5000000e+00   3.1231582e-04
   1.6000000e+00  -1.4000000e+00   4.4895298e-04
   1.6000000e+00  -1.3000000e+00   6.3504277e-04
   1.6000000e+00  -1.2000000e+00   8.8389432e-04
   1.6000000e+00  -1.1000000e+00   1.2105785e-03
   1.6000000e+00  -1.0000000e+00   1.6314765e-03
   1.6000000e+00  -9.0000000e-01   2.1635351e-03
   1.6000000e+00  -8.0000000e-01   2.8232044e-03
   1.6000000e+00  -7.0000000e-01   3.6250662e-03
   1.6000000e+00  -6.0000000e-01   4.5802039e-03
   1.6000000e+00  -5.0000000e-01   5.6944127e-03
   1.6000000e+00  -4.0000000e-01   6.9663984e-03
   1.6000000e+00  -3.0000000e-01   8.3861559e-03
   1.6000000e+00  -2.0000000e-01   9.9337403e-03
   1.6000000e+00  -1.0000000e-01   1.1578650e-02
   1.6000000e+00   0.0000000e+00   1.3280007e-02
   1.6000000e+00   1.0000000e-01   1.4987663e-02
   1.6000000e+00   2.0000000e-01   1.6644272e-02
   1.6000000e+00   3.0000000e-01   1.8188250e-02
   1.6000000e+00   4.0000000e-01   1.9557453e-02
   1.6000000e+00   5.0000000e-01   2.0693260e-02
   1.6000000e+00   6.0000000e-01   2.1544717e-02
   1.6000000e+00   7.0000000e-01   2.2072316e-02
   1.6000000e+00   8.0000000e-01   2.2251039e-02
   1.6000000e+00   9.0000000e-01   2.2072316e-02
   1.6000000e+00   1.0000000e+00   2.1544717e-02
   1.6000000e+00   1.1000000e+00   2.0693260e-02
   1.6000000e+00   1.2000000e+00   1.9557453e-02
   1.6000000e+00   1.3000000e+00   1.8188250e-02
   1.6000000e+00   1.4000000e+00   1.6644272e-02
   1.6000000e+00   1.5000000e+00   1.4987663e-02
   1.6000000e+00   1.6000000e+00   1.3280007e-02
   1.6000000e+00   1.7000000e+00   1.1578650e-02
   1.6000000e+00   1.8000000e+00   9.9337403e-03
   1.6000000e+00   1.9000000e+00   8.3861559e-03
   1.6000000e+00   2.0000000e+00   6.9663984e-03
   1.7000000e+00  -2.0000000e+00   1.8993859e-05
   1.7000000e+00  -1.9000000e+00   2.9836386e-05
   1.7000000e+00  -1.8000000e+00   4.6118424e-05
   1.7000000e+00  -1.7000000e+00   7.0145198e-05
   1.7000000e+00  -1.6000000e+00   1.0498245e-04
   1.7000000e+00  -1.5000000e+00   1.5460754e-04
   1.7000000e+00  -1.4000000e+00   2.2404741e-04
   1.7000000e+00  -1.3000000e+00   3.1948055e-04
   1.7000000e+00  -1.2000000e+00   4.4827463e-04
   1.7000000e+00  -1.1000000e+00   6.1892661e-04
   1.7000000e+00  -1.0000000e+00   8.4087105e-04
   1.7000000e+00  -9.0000000e-01   1.1241257e-03
   1.7000000e+00  -8.0000000e-01   1.4787530e-03
   1.7000000e+00  -7.0000000e-01   1.9141309e-03
   1.7000000e+00  -6.0000000e-01   2.4380515e-03
   1.7000000e+00  -5.0000000e-01   3.0556906e-03
   1.7000000e+00  -4.0000000e-01   3.7685226e-03
   1.7000000e+00  -3.0000000e-01   4.5732835e-03
   1.7000000e+00  -2.0000000e-01   5.4611030e-03
   1.7000000e+00  -1.0000000e-01   6.4169383e-03
   1.7000000e+00   0.0000000e+00   7.4194312e-03
   1.7000000e+00   1.0000000e-01   8.4412859e-03
   1.7000000e+00   2.0000000e-01   9.4502187e-03
   1.7000000e+00   3.0000000e-01   1.0410470e-02
   1.7000000e+00   4.0000000e-01   1.1284806e-02
   1.7000000e+00   5.0000000e-01   1.2036857e-02
   1.7000000e+00   6.0000000e-01   1.2633607e-02
   1.7000000e+00   7.0000000e-01   1.3047787e-02
   1.7000000e+00   8.0000000e-01   1.3259941e-02
   1.7000000e+00   9.0000000e-01   1.3259941e-02
   1.7000000e+00   1.0000000e+00   1.3047787e-02
   1.7000000e+00   1.1000000e+00   1.2633607e-02
   1.7000000e+00   1.2000000e+00   1.2036857e-02
   1.7000000e+00   1.3000000e+00   1.1284806e-02
   1.7000000e+00   1.4000000e+00   1.0410470e-02
   1.7000000e+00   1.5000000e+00   9.4502187e-03
   1.7000000e+00   1.6000000e+00   8.4412859e-03
   1.7000000e+00   1.7000000e+00   7.4194312e-03
   1.7000000e+00   1.8000000e+00   6.4169383e-03
   1.7000000e+00   1.9000000e+00   5.4611030e-03
   1.7000000e+00   2.0000000e+00   4.5732835e-03
   1.8000000e+00  -2.0000000e+00   8.7179655e-06
   1.8000000e+00  -1.9000000e+00   1.3805448e-05
   1.8000000e+00  -1.8000000e+00   2.1512017e-05
   1.8000000e+00  -1.7000000e+00   3.2984279e-05
   1.8000000e+00  -1.6000000e+00   4.9765471e-05
   1.8000000e+00  -1.5000000e+00   7.3882994e-05
   1.8000000e+00  -1.4000000e+00   1.0793346e-04
   1.8000000e+00  -1.3000000e+00   1.5515400e-04
   1.8000000e+00  -1.2000000e+00   2.1946491e-04
   1.8000000e+00  -1.1000000e+00   3.0546570e-04
   1.8000000e+00  -1.0000000e+00   4.1836474e-04
   1.8000000e+00  -9.0000000e-01   5.6382321e-04
   1.8000000e+00  -8.0000000e-01   7.4769774e-04
   1.8000000e+00  -7.0000000e-01   9.7567334e-04
   1.8000000e+00  -6.0000000e-01   1.2527894e-03
   1.8000000e+00  -5.0000000e-01   1.5828761e-03
   1.8000000e+00  -4.0000000e-01   1.9679364e-03
   1.8000000e+00  -3.0000000e-01   2.4075229e-03
   1.8000000e+00  -2.0000000e-01   2.8981779e-03
   1.8000000e+00  -1.0000000e-01   3.4330088e-03
   1.8000000e+00   0.0000000e+00   4.0014743e-03
   1.8000000e+00   1.0000000e-01   4.5894475e-03
   1.8000000e+00   2.0000000e-01   5.1795977e-03
   1.8000000e+00   3.0000000e-01   5.7521063e-03
   1.8000000e+00   4.0000000e-01   6.2856910e-03
   1.8000000e+00   5.0000000e-01   6.7588748e-03
   1.8000000e+00   6.0000000e-01   7.1513993e-03
   1.8000000e+00   7.0000000e-01   7.4456549e-03
   1.8000000e+00   8.0000000e-01   7.6279884e-03
   1.8000000e+00   9.0000000e-01   7.6897532e-03
   1.8000000e+00   1.0000000e+00   7.6279884e-03
   1.8000000e+00   1.1000000e+00   7.4456549e-03
   1.8000000e+00   1.2000000e+00   7.1513993e-03
   1.8000000e+00   1.3000000e+00   6.7588748e-03
   1.8000000e+00   1.4000000e+00   6.2856910e-03
   1.8000000e+00   1.5000000e+00   5.7521063e-03
   1.8000000e+00   1.6000000e+00   5.1795977e-03
   1.8000000e+00   1.7000000e+00   4.5894475e-03
   1.8000000e+00   1.8000000e+00   4.0014743e-03
   1.8000000e+00   1.9000000e+00   3.4330088e-03
   1.8000000e+00   2.0000000e+00   2.8981779e-03
   1.9000000e+00  -2.0000000e+00   3.8627285e-06
   1.9000000e+00  -1.9000000e+00   6.1664033e-06
   1.9000000e+00  -1.8000000e+00   9.6864562e-06
   1.9000000e+00  -1.7000000e+00   1.4972460e-05
   1.9000000e+00  -1.6000000e+00   2.2772812e-05
   1.9000000e+00  -1.5000000e+00   3.4082810e-05
   1.9000000e+00  -1.4000000e+00   5.0193721e-05
   1.9000000e+00  -1.3000000e+00   7.2737544e-05
   1.9000000e+00  -1.2000000e+00   1.0372015e-04
   1.9000000e+00  -1.1000000e+00   1.4553347e-04
   1.9000000e+00  -1.0000000e+00   2.0093605e-04
   1.9000000e+00  -9.0000000e-01   2.7299086e-04
   1.9000000e+00  -8.0000000e-01   3.6495020e-04
   1.9000000e+00  -7.0000000e-01   4.8008081e-04
   1.9000000e+00  -6.0000000e-01   6.2142732e-04
   1.9000000e+00  -5.0000000e-01   7.9151945e-04
   1.9000000e+00  -4.0000000e-01   9.9203749e-04
   1.9000000e+00  -3.0000000e-01   1.2234602e-03
   1.9000000e+00  -2.0000000e-01   1.4847278e-03
   1.9000000e+00  -1.0000000e-01   1.7729606e-03
   1.9000000e+00   0.0000000e+00   2.0832749e-03
   1.9000000e+00   1.0000000e-01   2.4087366e-03
   1.9000000e+00   2.0000000e-01   2.7404843e-03
   1.9000000e+00   3.0000000e-01   3.0680368e-03
   1.9000000e+00   4.0000000e-01   3.3797849e-03
   1.9000000e+00   5.0000000e-01   3.6636402e-03
   1.9000000e+00   6.0000000e-01   3.9077953e-03
   1.9000000e+00   7.0000000e-01   4.1015316e-03
   1.9000000e+00   8.0000000e-01   4.2359962e-03
   1.9000000e+00   9.0000000e-01   4.3048727e-03
   1.9000000e+00   1.0000000e+00   4.3048727e-03
   1.9000000e+00   1.1000000e+00   4.2359962e-03
   1.9000000e+00   1.2000000e+00   4.1015316e-03
   1.9000000e+00   1.3000000e+00   3.9077953e-03
   1.9000000e+00   1.4000000e+00   3.6636402e-03
   1.9000000e+00   1.5000000e+00   3.3797849e-03
   1.9000000e+00   1.6000000e+00   3.0680368e-03
   1.9000000e+00   1.7000000e+00   2.7404843e-03
   1.9000000e+00   1.8000000e+00   2.4087366e-03
   1.9000000e+00   1.9000000e+00   2.0832749e-03
   1.9000000e+00   2.0000000e+00   1.7729606e-03
   2.0000000e+00  -2.0000000e+00   1.6521533e-06
   2.0000000e+00  -1.9000000e+00   2.6588293e-06
   2.0000000e+00  -1.8000000e+00   4.2104239e-06
   2.0000000e+00  -1.7000000e+00   6.5607945e-06
   2.0000000e+00  -1.6000000e+00   1.0059637e-05
   2.0000000e+00  -1.5000000e+00   1.5177611e-05
   2.0000000e+00  -1.4000000e+00   2.2533040e-05
   2.0000000e+00  -1.3000000e+00   3.2917846e-05
   2.0000000e+00  -1.2000000e+00   4.7319296e-05
   2.0000000e+00  -1.1000000e+00   6.6933016e-05
   2.0000000e+00  -1.0000000e+00   9.3161776e-05
   2.0000000e+00  -9.0000000e-01   1.2759404e-04
   2.0000000e+00  -8.0000000e-01   1.7195636e-04
   2.0000000e+00  -7.0000000e-01   2.2803493e-04
   2.0000000e+00  -6.0000000e-01   2.9756356e-04
   2.0000000e+00  -5.0000000e-01   3.8207917e-04
   2.0000000e+00  -4.0000000e-01   4.8274994e-04
   2.0000000e+00  -3.0000000e-01   6.0018668e-04
   2.0000000e+00  -2.0000000e-01   7.3425299e-04
   2.0000000e+00  -1.0000000e-01   8.8389432e-04
   2.0000000e+00   0.0000000e+00   1.0470085e-03
   2.0000000e+00   1.0000000e-01   1.2203807e-03
   2.0000000e+00   2.0000000e-01   1.3997024e-03
   2.0000000e+00   3.0000000e-01   1.5796881e-03
   2.0000000e+00   4.0000000e-01   1.7542933e-03
   2.0000000e+00   5.0000000e-01   1.9170274e-03
   2.0000000e+00   6.0000000e-01   2.0613404e-03
   2.0000000e+00   7.0000000e-01   2.1810536e-03
   2.0000000e+00   8.0000000e-01   2.2707964e-03
   2.0000000e+00   9.0000000e-01   2.3264050e-03
   2.0000000e+00   1.0000000e+00   2.3452422e-03
   2.0000000e+00   1.1000000e+00   2.3264050e-03
   2.0000000e+00   1.2000000e+00   2.2707964e-03
   2.0000000e+00   1.3000000e+00   2.1810536e-03
   2.0000000e+00   1.4000000e+00   2.0613404e-03
   2.0000000e+00   1.5000000e+00   1.9170274e-03
   2.0000000e+00   1.6000000e+00   1.7542933e-03
   2.0000000e+00   1.7000000e+00   1.5796881e-03
   2.0000000e+00   1.8000000e+00   1.3997024e-03
   2.0000000e+00   1.9000000e+00   1.2203807e-03
   2.0000000e+00   2.0000000e+00   1.0470085e-03
