-5.667377359594594211e-01 -1.705219522341578475e+00
3.547978194542332209e-01 3.432968789989832015e-01
7.660003397954828763e-02 1.560760603832832105e+00
6.233510747949646547e-01 -2.724659127321489294e+00
1.144513198708952961e+00 1.413525795383501427e+00
-8.911782166605364264e-01 4.725836012876478698e+00
6.585902474942539886e-01 -1.022956902415392832e+00
1.887713285304727817e+00 5.158516287620948937e+00
2.842652563122133991e+00 1.714927877448730209e+00
-6.293143498176095862e-01 1.239585853704631369e+00
-7.349781673553016370e-01 -1.237694938848454385e+00
1.253820969212398273e+00 -1.493967563864232240e+00
-7.073736803095920234e-02 1.572129061305277853e+00
7.522321876369164606e-01 3.083682170766797626e+00
2.527705728554896503e+00 3.162122919542695421e+00
6.224530718657237394e-01 3.635505825317818296e+00
8.288727265208774009e-01 5.899987241448608088e+00
-1.081724769311126488e+00 2.445026920039620855e+00
4.129519709020520457e-01 9.494632411637253799e-01
5.180038626656202627e-01 -3.539562229305171392e+00
-3.138804965991729423e-01 3.762323818690300303e+00
1.617303995035558328e+00 5.816161372212969027e-02
-1.098600314033583603e+00 3.076941016263528006e+00
-3.107217649678145621e-01 1.743774245309478221e+00
-1.263402486373568889e+00 -9.091388704040914703e-02
1.591486508240554487e+00 2.613264586883077278e+00
9.858771747900042515e-01 6.067876414741012470e-01
3.495789358586834261e+00 1.329198949787670614e+00
9.580834448112292012e-01 3.668799925552032715e+00
-2.959719248531571534e-01 2.993011637829916971e+00
3.850041359594543744e-01 1.976589922563697144e+00
1.580288225336428320e+00 -7.094615461695319425e-03
-3.263238178872687190e-01 4.077274494612055378e+00
-7.554790953901833195e-01 1.564157680100519698e-02
1.168129909582286130e+00 4.561271790527996473e+00
-5.546479285780315793e-01 1.977908803357086631e+00
9.588446247019875024e-01 7.451427460075255027e-01
-2.665076685689949265e+00 -1.389165772955035738e+00
1.637330569724183116e+00 2.791250926414919231e+00
-6.579345983104714080e-01 -3.962208062376193496e-02
-7.900211089496733674e-02 3.831355282265177298e+00
1.171955801513614892e+00 -2.609204139360598251e+00
1.551380125120843667e+00 5.581690445626899866e+00
1.940912443104623408e+00 2.207324499919476768e+00
-3.047165802983541338e-01 -4.454188605935016643e-01
2.220760689870536764e-01 2.514508573664869573e+00
-6.190359243292401503e-01 2.655965343726157890e+00
2.098382777681642608e+00 3.867259919413806202e+00
2.506238999118810540e+00 -4.788858269143108082e-01
-1.113726251817320767e-01 -2.200797727963255124e+00
8.704961247701524796e-01 5.299191050433595507e+00
9.894678254547082386e-01 -2.776172481750893706e-01
1.924873469983154228e+00 5.223690532184905422e+00
1.038507495017032545e+00 -4.514561419924683072e-01
-1.060150371370683242e+00 2.368928773511960628e+00
-2.597500304719907227e+00 -1.944088782482502165e+00
2.593628980338313905e-01 -4.210705414478814745e-01
-1.625344945741677538e+00 -1.044519761185135565e+00
7.044953044937768416e-01 2.781083967603341645e+00
-8.339541223098545508e-04 1.186921864346835775e+00
-3.033423134336101334e+00 2.266561780919287283e-01
2.913084910441165576e+00 1.266896443119426507e+00
-1.881759643671841564e+00 -8.775296836381172305e-01
1.984527471193736625e+00 9.436443699432515153e-01
1.402684720193810575e-01 3.751666162091749079e-01
1.702744795005212586e+00 -4.520564997239260308e-01
-6.120851773652162819e-01 8.902307290622246683e-03
3.333969880195154500e-01 3.198402743314939123e+00
2.539339026615160533e-01 3.379704428198830879e+00
1.261775246416454999e-01 8.951401932382188065e-01
1.764941826076488196e+00 3.677936876220273099e+00
8.745540323914631209e-01 2.016010856705699794e+00
-2.418577736041502391e+00 1.347918514577591598e+00
5.725017331033095402e-01 3.698300401509253099e+00
3.813716821438564719e-01 2.717180611575424898e-01
-1.210656294545586320e+00 -4.169792423971956374e-01
1.535455362449651417e+00 1.476845393533064099e+00
5.947603470892433020e-01 1.749398430757119538e+00
1.304508055430314784e+00 3.432778015284290163e+00
1.816398589081133497e-01 -4.915853114902717369e-01
3.404349561232189458e-01 -2.606068348752507369e+00
-1.210801396273740949e+00 2.238266135587686279e+00
-2.637265703269445760e-01 2.757542285229765966e+00
8.386273291754912096e-01 3.797109084154883796e-01
4.541441936806157820e+00 2.508086423062450443e+00
2.812453699011202568e-01 -1.191510395483473594e+00
-1.017068286168540281e+00 2.399559256787677786e-01
-3.819143400820200762e-01 -1.710300988050943438e-01
1.953729465413924560e+00 3.040222173520600535e+00
-1.032141730234797938e+00 -6.536128176276541080e-01
7.394886154735963446e-01 5.132804041426650699e+00
3.332832376094514437e-01 2.612724793526627565e+00
1.053881222563865405e+00 -5.446017919423828957e-02
7.206957181424022973e-02 4.298243327844311068e+00
1.299621858326789114e+00 2.327389610575509415e+00
-2.492927907581802494e+00 2.756661534473821451e+00
7.058840591284477606e-01 1.098345360866326947e+00
5.484556492310488363e-01 1.247417346878118671e+00
-1.038640704002804727e+00 9.280703123896572038e-02
7.724590258467202153e-01 3.723549473553012579e+00
-1.199635773123554960e+00 -1.420088663152632158e-01
1.814109452507631337e+00 -4.724157015979346674e-01
1.439709029429999676e+00 2.725364013786673922e+00
1.648343815512274935e+00 2.631627044019400508e+00
7.544794140406972938e-01 7.199684232473069212e-01
5.014404567858588013e-01 1.781575938352795596e+00
-1.094180987504560276e+00 2.026649973841164520e+00
-3.783089783946400608e-01 2.367064653178117872e+00
2.170156043980052685e-01 1.536267600737833527e+00
-1.893616705416955592e-01 1.209751734159600911e-01
-9.028618312937146673e-01 -1.180038574120557460e+00
2.709987861405893650e-02 -1.535407602690161077e+00
-2.458010444600132516e+00 -1.414280251275584099e+00
-2.519393541040915174e-02 2.211082586662303839e+00
-6.878984890313115663e-01 -7.210652333209246478e-01
-9.181499523272689256e-01 3.209381073034114795e+00
-4.857088637042938917e-02 2.827473159619173781e-01
1.510888901999921208e+00 2.439860226884953853e+00
2.519586017090383323e-01 -2.176767383758055896e-01
-4.872680517480354467e-03 1.614551015985127957e+00
3.656772671587088519e-01 1.511463855703297110e+00
1.120220550521417113e+00 1.571569242254305498e+00
-2.980726267655448680e+00 -9.268189433806770516e-01
-1.004447806337811500e-01 1.587636299730075695e+00
-1.885237599731160563e+00 1.244190748316433170e+00
6.270811064109376165e-01 -1.575905431535131740e-01
-2.047506411764206113e+00 -2.226471177892200615e+00
3.520045247527564314e+00 4.643161160854655911e+00
1.170823888058599271e+00 1.377561425456358624e+00
4.787412928106636878e-01 3.107833879419985568e+00
-8.278307970404563676e-01 -1.963066531877808440e+00
1.022038482792985370e+00 8.370749608209493431e-01
-9.890195213519537010e-01 2.267580996546193717e+00
-9.102221254182791821e-01 4.873057685338736178e+00
-7.124080915023948135e-01 8.806600478803705556e-02
3.245644499088574109e-01 2.897488963857020039e+00
1.229532376342660438e+00 -2.398096544787949647e+00
5.486390463218682179e-02 3.782339782207540857e+00
-2.966526367555708532e-01 2.678863557839949117e+00
-3.782654840755373948e-01 -6.637278785818478966e-02
7.353800449026144381e-01 8.109251722298865817e-01
-6.988447347534282317e-01 1.317146907674521916e+00
-9.847976091844978797e-01 -2.123212239228764009e+00
6.434283274178181911e-01 -5.065901868327054025e-01
-1.410102392594029252e+00 1.375814579813387173e+00
-1.623484349555718076e+00 -1.121455607478569760e-01
9.413275203932880419e-01 1.642374033490255680e+00
-1.069991278775758392e+00 1.653217357007816357e+00
2.311624023269371886e-01 -7.191017549285163568e-01
-2.075502778375601487e+00 3.712425474054585450e+00
8.902206088954364160e-01 -7.681843635624892030e-01
-1.136719725538179793e+00 1.390250335524309211e+00
1.572622099813961727e+00 2.015512586692318475e+00
-1.023882932131546575e+00 1.581523055167246339e+00
1.184508661379134464e-01 -6.722551000995184989e-01
-3.245693982326760541e+00 6.211772803343083016e-01
-6.563931501316334627e-01 2.143683572334323273e+00
1.523350884726637933e+00 8.274196123098735978e-01
1.717568566989775780e+00 3.415726676783964244e+00
3.027426880330837733e+00 -7.810181066369668024e-01
-1.169325748871453463e+00 4.265834501242361299e+00
-7.266009581219600166e-01 8.073510831518002639e-01
-1.241865793181549771e+00 1.914143438164238820e+00
2.383676734067297964e+00 3.901708557729646643e+00
2.015140881967996567e+00 6.326358735915200704e-01
6.923718961035604247e-01 4.512526190504067003e+00
-2.252957418429668568e-02 2.334923920543196640e+00
3.661122168113646325e-01 4.060949139329882662e+00
6.153922364726706062e-01 1.570807127853894869e-01
1.096862086871747688e-01 1.729996754678923221e+00
2.477094475952386965e+00 3.565581560345979284e+00
-2.309372754137599681e-01 5.502952771405884569e-01
4.170567590528417856e-01 2.620539879902676894e+00
5.316317465832750555e-01 4.813263492787685394e+00
-1.961588675502591306e+00 -1.431980233441819905e+00
-3.417891081648685159e-01 6.666262363441945560e+00
-1.100625473288397993e+00 -1.608638695319553058e-01
7.257189367155958415e-02 4.757507062530334174e+00
7.661503768414948956e-01 1.119804044515397390e+00
2.229677020492094375e+00 6.135436837377719055e-01
-1.198804195120275917e+00 2.060685589855267175e+00
1.006903263627953127e+00 1.894151814206317841e+00
1.023819057628215790e+00 -1.166877300959432873e+00
5.451603685208697980e-01 3.760369257503326512e-01
4.196934942348432562e-01 1.290226810527799417e+00
1.424801246913725450e+00 1.177027733383528174e+00
1.490361610884649579e+00 6.747573854889571399e-01
-1.025375335427728407e+00 2.181949159048355291e+00
-8.902751139185893781e-02 1.577291882980890625e+00
2.495019628948928592e+00 3.151270551272378206e-02
-6.770570686659709292e-01 8.950963069773485437e-01
3.023451211527562466e-01 1.494135997648815328e+00
8.867094045277348346e-01 4.155419694153241750e-01
7.845307573515200583e-02 1.416423848879505787e+00
1.959815061992887353e+00 3.810417147960673212e+00
1.344363096950492720e+00 2.057478612752936087e+00
4.265068255661159102e-01 2.640111941938611206e+00
-2.885398972831698661e-02 -2.400960603267282778e+00
2.031752281129426407e+00 4.017082521096488890e+00
7.086618456145897804e-01 3.055842545228702356e+00
-2.210707157472271867e+00 1.825812219655531532e-01
-8.549086678396069505e-01 6.800206752497184315e-01
8.099505022282247335e-01 3.713858296671865400e+00
8.824089552197994513e-01 2.497674866108964054e+00
1.061146001357308410e+00 3.656825747897360035e+00
-1.296576197436812405e+00 2.758800789331411707e+00
2.075873532702818380e+00 3.057776389081879209e+00
-2.625977065273652933e+00 1.176138111100262229e-01
-2.348056111027154280e+00 1.190596103176848608e+00
-2.619035130573663217e+00 -1.062149546929193278e+00
-1.922279393720047191e-01 1.384373832068665600e+00
-3.449722485620156931e-01 -1.146715307574661669e+00
8.594442844960771266e-01 1.941693201353851705e+00
1.832522951761497154e-01 5.505787409664256948e+00
1.747482478350581347e+00 2.798010499848161636e+00
-4.108083022657975647e-01 9.727958982929618692e-02
-2.132885878479724440e+00 -1.601003756679612255e+00
-7.466430570197994943e-01 7.751169784103340010e-01
1.525544187069825641e+00 -1.617767490065513680e-01
-5.709377653635296923e-01 2.770333854851813271e+00
1.593911343309337703e+00 2.192996778111469869e+00
-1.912650612985273613e+00 -2.363151652791618318e+00
1.475060774742303682e+00 1.097707964726289509e+00
-4.613824857020787373e-01 3.885806584450992585e+00
2.748938040020339812e+00 5.095831911530044778e+00
2.175425976610122270e+00 4.117073450835469828e+00
-9.539774172813952902e-02 6.181430175956587059e-01
1.990309358349751756e+00 3.983038123769210292e-01
-9.745374892402514089e-01 -1.048464612003293439e+00
-1.700987304259059085e+00 2.666802438738791192e-01
2.231465530816096887e+00 4.186614113658114533e+00
-4.260387551422633035e-01 2.479499994896716686e+00
2.110024484701880532e+00 1.847108193590088376e+00
-1.151769282758487334e+00 1.319679836998075562e+00
1.771336923908952976e-01 4.302797548247575543e-01
-5.500584230567040489e-02 2.429670261187857339e-01
2.408427477228491043e+00 -1.372436199841289284e+00
1.027927203781435539e+00 5.632881590365381719e+00
7.500781065964670091e-01 3.194958639069031658e+00
-9.745588573169341462e-01 4.368687345142641121e-01
2.550291050524569059e+00 2.398132378925204033e+00
-9.524637349087758942e-01 9.290738859114835435e-01
-5.021837152207032640e-01 4.646320954501124589e+00
-2.578647648444188922e-01 1.806992230036768454e+00
-9.244532876154736289e-01 -7.988571107722077791e-01
2.694724217181645898e+00 7.400164135874133242e-01
1.960875531631811053e-01 1.774743953179562350e+00
-3.067416549592000941e+00 -1.990120703394171020e+00
1.446472571194204138e+00 2.863450913189626412e+00
-1.220389741783991733e+00 9.214325955047553141e-01
6.949493511012712066e-01 -6.477682373893838275e-01
2.732499397008531616e+00 5.632833222051166766e-01
-7.331586494332220649e-01 1.393254222238647699e+00
-1.254522187814684608e+00 1.835672673965882851e+00
3.359655548978293660e-02 3.855199276816859699e-01
4.102288815021264967e-01 -1.968634570133631634e-02
1.240689674345511584e+00 -1.384897416503717338e+00
-8.310492675726706135e-01 3.718660045916550416e+00
-1.334721190106628708e+00 2.991385070009172420e+00
-1.377125206705729799e+00 -3.880483330362589633e-01
1.756379981885427988e+00 8.512029210716368643e-01
1.047459356978443390e+00 1.357883433206553692e+00
3.537657719365752129e+00 3.284349344478891819e+00
1.272194731940063273e+00 3.225569994184872336e+00
3.905233856451137409e-02 2.008917792744137731e+00
4.475330477092758219e-01 1.170216647499279672e+00
-7.354242621178357364e-01 -1.166905907797549879e+00
2.181490358555477904e+00 2.791223890611973957e+00
1.045342483048983251e+00 1.155249772915673212e+00
-4.769487647998245095e-01 -1.684627831371001694e-01
-1.545259328260070175e-01 3.554589140024957405e+00
7.505429044387963433e-01 1.446851037434604414e+00
-1.114036278056229845e+00 1.029384640594301459e+00
3.905312141316081842e-01 -2.232906932410096079e+00
2.438918025209807716e+00 2.770703286540643795e+00
-9.299639409156450487e-01 1.385230453974140241e+00
9.850241083026611832e-01 1.990778653326824577e+00
8.147305400815918475e-01 3.663353549242879925e+00
-2.100160826371454625e+00 1.626861821328364766e+00
8.650163977797700188e-01 1.521659106829372110e+00
-4.191844484017575034e-01 -2.074481678509536575e+00
1.318947308724448098e+00 8.317258736445338752e-01
6.376941972618748178e-01 2.244666880303787693e+00
1.179344560743680104e+00 -5.743703587249846532e-01
9.264670180708207692e-01 1.488975424526442604e+00
-4.268713894637040651e-01 -3.635129014736657727e-01
-3.355349347400530036e+00 -4.897166153556922197e-01
-9.437118145423726290e-01 -1.197025446596892806e+00
1.063392492426875835e+00 4.146592411206695417e+00
1.214809034176214109e+00 6.057546759887928900e+00
3.758473188476655347e-01 3.361043859018650437e+00
1.441023842965559076e+00 -7.997296440349850322e-01
-2.990943479407892625e-01 6.652675725615349034e-01
1.435350430726594295e+00 3.120530981395894354e+00
3.312425118277775304e-01 3.794617499480137823e+00
1.097918862628650460e+00 3.440234732364306325e+00
4.053145687465559699e-01 3.554924002405646100e-02
-1.256496002879002316e-01 2.790270721355146755e+00
1.283417079797904092e+00 7.606934647766361302e-01
8.362225078766405417e-02 -2.576655352443276481e+00
-1.563722940857454669e+00 -2.913125193503540267e+00
6.022673787239041232e-01 2.246002614946938536e+00
-1.641358947326225559e+00 3.401374268742625162e-01
-9.277144176223510730e-01 -3.154914406954866024e+00
1.079411648113862476e+00 1.480166933059231305e+00
3.845751509430057058e-01 1.096572569168421385e+00
2.916190381119985631e+00 3.213014207164059943e-01
7.772036276920488707e-01 3.259146555768312581e+00
-1.186756736041624238e-01 3.428803724814214249e+00
1.682421556848957112e+00 4.080922630133999363e+00
8.969126787740602236e-01 4.485037190156304643e-01
-7.233369312702264686e-01 1.455907011217431712e+00
3.241468191108193286e-01 -7.533443759870834810e-01
-6.823919766256298924e-01 -1.537961453387878485e+00
-1.020737388468178519e+00 2.169762983620278085e-01
1.535618020723492183e+00 1.208566896459006612e+00
-3.440542959760993780e-01 1.488884584004992684e+00
2.730479888460782156e+00 1.288635868749617774e+00
1.180450610232242736e+00 2.606022950898081447e+00
4.535875520229383784e-01 1.189016550362415048e+00
-1.760072383287280440e+00 9.152331119290001427e-01
2.729438491634602393e+00 -3.230430109855877419e-01
2.324899027157375786e-01 9.659372098636389570e-01
-9.510581546728418267e-01 1.436848300787116450e+00
-7.288027715086207170e-01 3.463721956444929972e+00
2.221648139931848398e+00 3.233723761626516868e+00
6.796477532910517594e-01 -9.686234626142846693e-01
2.172139051243167640e-01 1.265880492676004998e+00
1.093733187393491235e+00 3.762137983009008479e+00
-1.177247989262582006e-01 3.072637788092493771e-01
-3.130260365916466725e+00 -5.635669044379056913e-01
-3.295419619412787160e-01 7.683231277887008215e-01
-8.941801452242490456e-01 1.525568120699733798e+00
-4.088612660079953276e-01 2.681343826572962108e+00
1.067309794438664472e+00 1.442444259736491485e+00
-6.513513486362478844e-01 6.774692548736649389e-01
-3.984837999907413497e+00 -1.049507851544518644e+00
-5.872829357533597694e-01 2.334061689715394294e-01
-2.519929550699306020e+00 -3.496701759656350994e-01
1.681503392477278869e+00 1.219679466482740171e+00
-5.839828208656481223e-01 -2.247211448287137703e+00
7.884010171789990196e-01 -1.812365491756806612e-02
1.557478336936139351e+00 8.958098920333052995e-01
-1.134013457286098481e+00 2.219865939459706894e+00
1.482937354295895238e+00 3.751553360949611449e+00
4.571059682869885732e-01 1.656634167815722147e+00
5.471534331229599424e-03 3.938383163561892886e+00
-5.049641566011446869e-01 8.416598483595931768e-01
5.274358056322336896e-01 8.889415002196880522e+00
1.399644284507911562e+00 2.106111457778298668e+00
-4.014797574687051229e-01 -1.954020847679780459e-01
-1.899778957693557535e-01 1.384035737984679049e+00
1.092935036547728611e+00 -1.816818742364063155e+00
1.535624230299817095e+00 4.612724344286974087e+00
1.015519468685289306e+00 4.874751396323807384e+00
-5.222476968563400934e-01 1.066196205779137873e+00
-2.610628878311558765e+00 -5.323362900554187149e-01
1.914128682517116931e-01 6.707369928460543695e-01
1.043888790010583989e+00 -1.314048979234587300e+00
1.902979751555360588e+00 9.271174740422014615e-01
-1.722876317027663529e+00 1.813865902472798330e+00
1.153423052781267666e+00 -1.432831781943111338e+00
1.514694023092915787e+00 1.476397427454507749e+00
9.941996301366057276e-01 3.298103108247347759e-01
1.902636323002412144e+00 2.292654084572804951e-01
-1.591351541025433969e+00 -4.733848782506608899e-01
9.646847034787446873e-01 3.567837186240792491e+00
2.561180495970270421e+00 7.826977700470122423e-01
2.017765253947279902e+00 2.843082053025623335e+00
2.437798899876663761e+00 4.389379693014429762e+00
1.988724352811028107e+00 1.567819959813209429e+00
3.973251556917171690e-01 2.375871639817756176e+00
3.275821209081977159e-01 3.363880746188243620e+00
-2.907920403347687532e+00 -1.525844715480376479e+00
-8.033387782150802625e-01 1.387507262176665535e+00
-1.096980569967327845e+00 3.240556854984779633e-01
-1.571496119679525183e-01 8.297969184920045649e+00
-1.086922727265857924e+00 2.352834455447455841e+00
1.594058279882213158e+00 3.421072888828441183e+00
1.111002637220983358e+00 5.129850035150322896e+00
5.753318153484061614e-01 3.024326968500899770e+00
1.721796903716658278e+00 1.964167021167552596e+00
-9.010165044554918623e-01 -3.195353826944809406e+00
-1.947251941789354346e+00 -1.466845877846522317e+00
2.415421527946814972e-01 3.293492418887067785e+00
-8.993361305260989536e-01 -1.256452786041685865e+00
2.253505750838407096e+00 4.103843457364262370e+00
2.918352384038561675e-01 3.354057707053008652e+00
3.916995129868857672e-01 5.957906280582887515e-01
7.948872159983357832e-01 1.743875008492420164e+00
2.037982620780787180e-02 6.064738793833351238e+00
-3.986678266542909022e-01 2.795435300510445753e+00
2.066777794486780451e+00 3.523866825045222750e+00
3.871621655415199426e-01 1.439838387919524676e+00
2.114363574882771157e+00 3.548149338750798965e+00
-2.105410882706311715e-01 -5.686576880975307002e-01
8.032866471933191033e-01 -7.358016853360105358e-02
4.049679039315742801e-01 1.690965471419829225e+00
2.473605961413658960e+00 8.771470459607033643e-01
2.413393915090445319e+00 4.008338468938322130e+00
2.271258412338029054e+00 4.253055477929000183e+00
3.569707226040566006e+00 3.506586038765433067e+00
2.108162980765944106e+00 1.007208770338067438e+00
-1.604985507755721352e+00 -1.368414248250090726e+00
-6.354668245200145726e-01 2.722061121621554669e+00
2.897050213025779142e-01 1.339703023967198092e-01
-3.749570040717550290e-01 7.046895321052869532e-01
5.051165433676703120e-01 -6.404432408623605966e-02
1.364064331417221831e-01 6.933345678335471884e-01
-5.877191495074296501e-01 2.943735705184408413e+00
3.175169638427644436e+00 3.418991388933957154e+00
2.045882380605331452e+00 3.403554322832287760e+00
1.023538789504388369e+00 5.056654169410457200e-02
8.116444811651452040e-01 -8.095480720803189811e-01
-1.436952128622851488e+00 2.182808530904568833e+00
1.116220803685700758e-01 -3.055201834540088868e-02
-7.991772906286476186e-01 1.762638440480142066e+00
-1.201052771109933248e+00 2.097827919824926113e-01
1.597093531093552121e+00 5.877303349210991179e+00
7.810910404455263523e-01 2.623673347862703675e+00
1.141970529466164175e+00 1.888237240376974047e+00
-9.791519149733394212e-01 2.665260255659519295e+00
-1.499321718678537252e+00 9.735461355980182807e-01
-1.302753770871262207e+00 4.319092669000010432e+00
1.299854894388123183e+00 -1.329624314705744048e+00
4.561448907357462446e+00 3.694400730261422794e+00
6.057031283119107545e-01 2.592396971345131362e+00
1.965311823286787218e+00 5.751419831476003441e-01
-1.791287360189966482e-01 1.945824260903820324e+00
-1.116865657937622158e+00 1.011879176280559012e+00
-1.807861132348377753e+00 1.206228913822389837e+00
4.931776752205722092e-01 -5.654364245075176321e-01
1.688964632586292147e+00 -6.835015031611435532e-01
-4.267265572341456537e-01 -5.085744186712994885e-01
-1.836865619790140070e-02 -1.250250186985557566e-01
2.928110830068610948e-01 1.568243143013079877e+00
1.230006697154637507e+00 -2.229956698001487325e-01
3.387948545780014586e-02 -9.941436376490164761e-02
-7.755527530504215949e-01 2.132644296807346684e+00
-9.420975436823914029e-02 2.311149762819783238e+00
9.461430016008888222e-01 1.608276101866442431e+00
1.272609209592658885e+00 3.344190919972150233e+00
-3.239626841521250356e-01 7.825835556864404463e-01
-7.322690940310112584e-01 3.179000231970711354e+00
-5.945369189858773495e-01 -1.231599675373162839e+00
-6.985181967746774134e-01 -2.276860729014019036e+00
-2.532549666523020271e+00 1.995372757999094082e+00
2.175833366977192540e+00 5.460795041894755286e+00
-3.398067763613790149e+00 -1.187083902606312691e+00
-1.361781393109661620e+00 4.715192723446828271e-01
5.317980893891186556e-01 2.936929067137972638e+00
-1.370596367596617071e+00 1.467240181623366668e+00
4.365050780553503262e-01 1.921125277324988945e+00
4.576156445150698082e-01 5.678007192292806593e-01
5.441287660657302405e-01 1.840102317982148517e+00
-9.702411728939368540e-01 -8.057334471818391464e-01
6.474371060807559974e-01 3.282567683643560663e+00
4.981980461053785447e-01 2.661303496746998398e+00
8.066988583205725316e-01 2.333363478045058947e+00
-1.241158941606205657e+00 4.681951312159610135e-01
-2.026587039037731408e+00 -9.871147802503896784e-01
-7.022819847264523130e-01 -2.344838872516481487e-01
1.132854525758855813e+00 6.087604347231037050e-01
-1.269407695474911835e+00 1.083107956821241613e+00
-1.646392687846837122e+00 4.991026464270537311e+00
-1.472129828511675287e+00 5.998881577999746195e-01
-2.352843587414337634e+00 -8.446320028200338115e-02
5.062774333998870668e-02 8.501503372257739333e-01
-4.309548550999309224e-01 6.270070971857713005e+00
2.441291939851523374e+00 2.166374672559387982e-01
-1.706507025659129706e-01 2.075692308807547626e+00
5.073141678226037454e-01 2.573436442771162014e+00
6.720656807004582456e-02 -6.180495058123307572e-01
-1.174866690621419574e+00 1.443032668158882981e+00
1.759463750511214508e+00 9.983429476928945556e-01
4.404296930114472430e-01 -2.322528862633901348e-01
2.101960540397918464e+00 3.648395447161621341e+00
-1.238230736590139047e+00 1.509514212705588498e+00
1.055036385542315325e-01 9.276513300293341979e-01
1.461534218784262373e+00 6.574589765545705511e+00
-1.062749037966431054e+00 2.373153770318072731e+00
9.373648564921484017e-01 -1.472874367739336332e-01
-1.168534891267663522e-01 -1.183381473102909531e+00
1.623076743080221318e+00 -9.005031402866467971e-01
3.603464547062752987e-01 5.339942038214867681e-01
9.085880285535914425e-01 -2.343679057632477303e-01
4.969786526434558094e-01 2.879609670336892080e+00
-1.841979119632944029e+00 -1.684817503042148612e-01
2.755761949694124358e-01 5.102172027022665368e+00
9.543274381154763786e-01 5.026425739819684324e-02
-1.810694532285156422e+00 1.100521502726325540e+00
2.129338306415806237e+00 -5.321497356597060246e-02
-3.846287787974964623e-01 3.325487221810475624e+00
2.215193983187001336e+00 2.633944367849532231e-01
-1.168274230718380435e+00 2.151488821278350727e+00
1.441842071894314570e+00 2.527128984198768080e+00
3.083271922500051332e+00 6.930261630892160518e+00
-6.808156894973016460e-02 2.670397079760880032e-01
-8.299243585150728464e-01 1.956261145401280155e+00
1.591468362179166540e+00 4.543116059002665352e-01
2.395366841569754324e-01 -2.894159601073484911e-01
9.802238951875463790e-01 1.002170738039072528e+00
-5.061591688676502221e-01 -1.126123041066301678e+00
-1.816687073082028148e+00 -1.033993986690758149e+00
-2.855905753974244954e-01 2.139248374103480010e+00
-2.565846280206747210e+00 1.209350656769597521e+00
-3.169503072216306450e-03 9.498202718704663594e-01
2.801930951754353138e+00 7.824972072080401686e-01
1.631860090032014154e+00 2.823669874254783885e-01
-1.193993293336105488e+00 -6.544598268332779689e-01
1.576011527495128295e+00 6.774238034345534398e-01
4.097549674574262335e-01 4.648499319350065662e+00
-5.753452170630738438e-01 3.293981817431776982e+00
1.575879279534499133e+00 2.445804424590955151e+00
7.704205541628865728e-01 1.021883816435458670e+00
7.991527539452663031e-01 5.985482025295550734e+00
-1.116058831928229855e+00 -3.454652314711501582e-01
2.299148042245826140e+00 1.995620094167608771e+00
2.904470997003710586e+00 3.111612116595698474e+00
1.946141431012552159e-01 1.908142017776043531e+00
1.645023872548754262e+00 3.991997259613544013e+00
2.756849347785706783e+00 2.269858541091268833e+00
1.861968649683765908e-01 1.576320648522370638e+00
3.460498381486623032e+00 5.710553958935423724e-01
2.144509283396210719e+00 2.141430928277464396e+00
-2.303675697559437907e+00 2.207063361016308178e-01
-1.512386005873890493e+00 1.778013026260636620e+00
3.016393133840392093e-01 -2.437917257882982192e-02
4.089470798612031999e+00 3.534780451386965616e+00
5.706490093092507765e-01 -1.269194156068132351e+00
-7.704956416707833267e-01 3.925723452693996585e+00
-6.935051297830256978e-01 6.696610083278824455e-01
7.670074474973329615e-01 -8.610415800282327226e-01
1.392080847899051177e+00 3.288123797250357416e+00
-7.968608493734765652e-01 2.499998079911780913e+00
3.591888082856497633e+00 4.730847754822168127e+00
1.175578383501575841e+00 1.309526663172554173e+00
-3.484770382218112417e+00 1.000340188619541770e+00
2.413711468843626751e-01 1.647120037709129292e+00
2.292220377991596614e+00 2.225868614856534311e-01
1.135173192105465301e+00 2.881442855163001582e+00
-1.949723464524155014e+00 1.523895485264772365e+00
2.081061652794982564e+00 3.032792506148156875e+00
3.243231552603079160e-01 4.573065014948689555e-01
-7.097159428431990547e-01 -1.120041468887755354e+00
6.731170442895429984e-01 4.970583471574617107e+00
1.181309308650805079e+00 6.565543967017606342e-02
1.161416792527397934e+00 2.675757835049779487e+00
9.282475076184071305e-01 1.525129151479737821e+00
1.032245005294085693e-02 1.637911240099532151e+00
3.713293558671462158e-01 1.638461699257260484e+00
-7.889875736506082315e-01 -4.388353884971518681e-02
1.914805817083469197e-01 -3.648798800961836619e-01
-1.495817250854231117e-02 2.615116863126850433e+00
1.112384875045120403e-01 3.399294821949500278e+00
-7.638818544844214742e-01 -1.635440261091576364e-01
1.077121755931194969e+00 3.970014892827754771e+00
-3.946582121829069756e-01 2.931833301890991450e+00
1.449385348145291408e+00 2.534511414833729326e+00
-2.433033178231839067e+00 -2.818442828212441853e-02
2.185629908598439197e+00 6.040954439714935731e+00
-2.666157170625721440e-01 -2.719561581818813245e+00
2.326715570955191215e-01 5.435122346490087075e+00
-8.481749855741749222e-02 2.222139904543852573e+00
-1.667365347690238364e-01 -2.790609549055564464e+00
1.840333344580956876e+00 2.022620001205254425e+00
3.252935365852420269e+00 1.215347474091082347e+00
8.265199556099334099e-01 1.940897098941923415e+00
-1.270490609716761421e+00 -7.011476742996571865e-01
7.103660472739711240e-01 -1.035471031069941095e-01
-1.513146954167934877e-01 7.370456408541783411e-01
-9.630020312914938652e-02 1.464584395799368943e+00
-4.517110103662002052e-01 -1.616166976827060342e+00
3.839550804374547432e+00 1.282966043940388712e+00
6.955890077307786967e-01 3.986549669588157485e+00
1.571408130383215918e+00 -3.355555455971390710e-01
1.601360776866021629e+00 1.704314658770622160e+00
-2.021078551263114420e+00 -1.221453327122060450e+00
1.522906712059371559e+00 1.328614596446419771e+00
-6.809961997783628984e-01 2.578847954938234377e+00
-2.188273011898768772e+00 -1.717651346506250398e+00
-9.726530230202132810e-01 9.790248745764811300e-01
2.288375789481599476e+00 1.828154414344180356e+00
-2.819562321093331825e+00 -8.631403724771167241e-01
5.749106603963902717e-01 1.842555339337383469e+00
1.640528521922341332e+00 1.866629692533367191e+00
1.831755213922291459e+00 5.262444759495281232e+00
-1.162931909317152845e+00 1.328964278734193760e+00
4.326234638488038464e-01 1.080734812317181159e-01
-2.425055892134079238e-01 -6.141306427266262080e-01
1.752592871203758840e+00 1.494736290575789273e+00
-3.576520267934690800e-01 3.710747288956033785e+00
-6.183414840798318046e-01 -5.919908567278275857e-01
1.553823034678947224e+00 5.224066036324217066e+00
3.149393503146992179e-01 1.805926509389923940e+00
9.797611739734737868e-02 7.394817665103977644e-01
4.791991087061321375e-01 1.885495414133768088e+00
2.392179398583954786e+00 1.091097723251624352e+00
1.469801078514509030e+00 2.439948684932105039e+00
-1.657769336725991360e+00 -1.330942207867792160e+00
-1.415932296541546842e+00 2.059891151908025630e+00
1.259438870534860255e+00 3.407889794534407102e+00
-1.355903865562755328e-01 1.149795144638278366e+00
6.811760887737818848e-01 1.414546142791638594e+00
7.910105329658229101e-02 -1.268521413320617963e-01
-8.782514256240374628e-01 3.581813775466947680e-01
-6.758349049125421670e-01 1.898037265498321080e+00
2.090232036758263412e+00 4.522613875586961818e+00
4.629830745556999805e-01 4.663329222478227454e-01
1.304767646865287567e+00 2.056075865148625947e+00
2.902537124792302636e-01 -5.696898314107730066e-01
2.871552261904811054e+00 3.692691567168413513e+00
5.268437088219013464e-02 -1.091030030714680521e+00
-2.453855035727340983e+00 -8.716382605148096374e-01
4.239293084892520325e-01 2.198488282550823847e+00
-3.742135917604498818e-01 1.536832315529996107e+00
5.275845198039645911e-01 1.343297992657586981e+00
7.164154055878650951e-01 1.045000159912645721e-02
7.744109207588276700e-01 3.728298452658806106e+00
-3.373958192750097229e-01 1.175879499655947624e+00
2.248269698719535192e+00 3.856170142718616578e+00
3.091314310879214045e-01 5.911330085863827577e+00
5.625930228659752341e-01 2.160479216865459851e+00
1.230767931029976836e+00 1.670670782961274137e+00
-5.661754492517031556e-01 1.811877199075641487e+00
-1.922049881513045788e+00 -3.103008129098228096e-01
7.524841382964890801e-01 1.983415948563732822e+00
-7.623763329433763669e-01 -3.971691409985942833e+00
8.861226945459412807e-01 5.132789129413687590e+00
-2.462551296239793075e+00 1.047643315469740877e+00
4.140468760164486284e-01 1.018528231302549658e+00
-6.666759670439444951e-01 -1.320723094162957079e+00
7.220853078657801793e-01 -1.129036450760182220e+00
-6.923422521343270963e-01 2.880803950153179915e+00
-7.149921599869141220e-02 1.156661097097486657e+00
-7.283918995706017974e-01 -2.325961946857175722e-01
6.075673926331215391e-01 -3.002632026755196470e-01
4.867898243544906967e-01 1.707212672819019783e+00
-7.138471609672549789e-01 -2.664172051256177287e-01
-1.018669676880475716e+00 -1.111894112436873971e+00
2.040484446008003605e+00 5.080702461829966765e+00
1.978810327665834867e+00 3.662718912448482911e+00
-8.214622748884403691e-04 8.965627176228263551e-02
-5.039621312463604674e-03 2.790221917014098274e+00
4.464808319215660681e+00 5.044293367542765694e+00
3.087094939017019923e-01 3.176374695535316484e+00
-5.625635575282230683e-01 1.762554881347658808e+00
-5.079133060125426979e-01 2.462738134007153246e+00
-1.353414111303917755e+00 -8.900280062867795827e-01
-4.635144406479704271e-01 -2.764651908036239725e+00
1.429764479674090039e+00 -1.462374800012003817e+00
2.571974141073415376e-01 1.742465754995779825e+00
-8.284187334155050930e-01 -1.327511146441297640e+00
7.765955187450959141e-01 3.030519802282671371e+00
1.032034086489387548e+00 3.497617844952971566e-02
-5.732608978644676556e-02 1.432821786843488043e+00
8.197459832859916862e-01 -1.064800760274615676e+00
-3.793261265642355440e+00 2.650669410001134096e-01
-6.318038925537499129e-01 4.479429001061802751e+00
-1.072397615321462494e+00 -6.663423015957838924e-01
-1.411205287833710575e-01 2.638972724345307164e+00
-6.098389047614832803e-01 1.756406081972746724e+00
2.416247305690878144e-01 1.299622724465727464e+00
-7.119522260612558551e-01 -1.965263192979373574e+00
7.131151307513271531e-01 5.071905638707951969e-01
-8.425468491681797900e-01 -8.930154992441159401e-01
-3.196332429687855914e+00 1.024514196675780919e+00
1.713111516058006822e+00 3.599279151637979624e-01
6.678919475980454878e-01 2.264269963778436701e+00
-1.500161244241863479e+00 -6.124260942290056242e-01
1.052372430379060919e+00 6.740798920007777806e-01
9.571245442189439956e-01 2.003080056474313864e+00
-1.097866221971995015e+00 -2.192249997234691161e+00
-1.340340465113534218e-01 3.813352688097826793e+00
6.617382474976931661e-01 3.800345091459937485e+00
-2.620855896511231187e+00 1.338425791679571653e-01
-4.234754301110038588e-01 2.972007449518457634e+00
-2.360164749997939460e-02 1.321381313466902352e+00
1.593614443627821009e+00 3.977068868615687425e-01
5.507796573427360398e-01 -7.713849426171721646e-01
-1.284783470190215438e+00 4.147273267609072001e+00
-1.631965802600095161e+00 -1.221071916040538774e+00
-5.279424890667049342e-01 3.615910274189663376e+00
1.329511106363123307e+00 5.805795489443990931e+00
9.022535670687181764e-02 -4.366123165946478757e+00
-5.210916508386834733e-01 1.000896286188940554e+00
-8.517471605123752010e-01 2.419067592728569860e-01
5.160486230977209265e-01 7.899209208292470308e-01
5.346216185831298429e-01 3.106922530163522822e+00
1.280442194506509201e+00 -1.837608837504071779e+00
5.211903059971645380e-01 1.248107355781212346e+00
-1.250223541234572577e+00 9.256403418289238516e-01
3.344167037887897820e+00 2.567987851990091386e+00
-2.175471090521549300e+00 -6.806877288813204530e-01
2.032583881068980247e+00 3.127553546878104829e+00
-1.506126791552439226e+00 1.263800322727193226e-02
1.918237015876407825e-01 2.744272558777304916e+00
1.149358312578572683e+00 -7.266940494547409202e-01
-1.936161071520482890e+00 3.435587292963201200e+00
-6.819066477341270138e-01 -2.531815375221049269e+00
1.040347476116548098e+00 1.596900092119286629e+00
-1.160851358229005870e+00 -1.108545442864109276e+00
1.293661948779313287e+00 4.183929489183411121e+00
-6.682030964063848666e-01 1.298536194061445048e+00
-1.023934652154546487e+00 1.008093505080857710e+00
-1.216804417683513773e+00 4.791527577447279640e+00
2.915082702521587521e+00 2.270623393138299306e+00
-1.871228749836316263e+00 -3.539303269190552381e-01
-7.907498956284773062e-01 -1.554056749134732573e+00
2.208988644691701086e+00 4.671353428110077033e+00
-1.225799174730214602e+00 1.102614737322776817e+00
-1.308424967204248057e+00 2.874217886972726621e+00
-1.518679659943287463e+00 3.878559834515135751e+00
1.275879360685242103e+00 4.018080851198439163e+00
1.790081789283768599e+00 2.173820119726078914e+00
-1.967038278145201824e+00 -1.946248269713601431e+00
8.112000346737514578e-01 1.777168823839190948e+00
-3.376873541836934445e-01 2.010680270998473240e+00
4.219832413240762747e-01 5.105198122972900876e+00
-6.234610495211253545e-01 2.739949084155623993e-02
-2.654436082213232240e+00 -4.829592023173958637e+00
-1.328718727921096354e+00 7.570845010483432391e-01
-2.748287887915081384e+00 -1.529907781523262678e+00
-7.052526181446817644e-01 3.762852630495968409e+00
-5.561797977024660611e-01 5.199543686436007839e-01
-1.780829455692775065e+00 1.827563777612611462e+00
3.497740007027799747e-01 2.089718293216435541e+00
-1.993000671907750876e+00 8.717150621442293357e-04
1.916320246850282683e+00 -7.741726706872875674e-01
9.060204923583164982e-01 3.551693757741487101e+00
1.288533692951492782e+00 3.185752903459398322e+00
9.153041129447965218e-01 1.790480287928968739e+00
-6.095458577791261767e-01 9.459270135552122483e-02
9.716741431570468102e-01 8.038666211942855355e-01
1.266892989874452979e+00 2.820955714412209936e+00
7.291931886552810438e-02 1.855422307617743627e+00
1.866340915312025839e-01 -2.305413816341743694e-01
3.397760905393695907e+00 3.194457745856628339e+00
-4.086647767869164838e-01 -1.041697719112199216e+00
-1.290548616352304334e+00 8.221305951928503664e-01
1.779045688136612902e-01 1.726293624968065821e+00
-8.635135444271779814e-01 -1.741366193608728796e-01
-2.224387789468956766e-02 -6.548206043825794964e-01
3.611352799306011829e-01 2.814966578886697768e+00
7.576188920601710786e-01 1.332769819970879066e+00
-1.907990996812148898e+00 5.657371775982107387e+00
-1.159565233185082311e+00 4.129741372659267995e-01
1.328826220154602167e+00 -2.804836186809502863e-01
-1.607079400394566759e+00 -2.425729274094631460e+00
3.215993632077982056e+00 1.467425082799154845e+00
-1.553746532258058588e+00 4.150321082859302457e+00
3.097988373431705078e+00 5.795981567460422035e+00
1.828665926131701758e-01 2.868882660146750752e+00
-1.311697822372651090e-01 -6.963484070316274810e-01
-1.107960075375690190e+00 -4.708329814030510541e+00
7.196151763197036200e-01 9.639748501466743891e-01
1.366084564670343449e+00 3.471614548276890755e+00
8.909697656475001892e-01 3.901221908352768164e+00
6.298868703683100367e-01 -2.086905890133899710e+00
-1.764063248952269847e+00 -4.025823713172607121e-01
4.605869105518332618e-01 3.202864146014840596e+00
6.518262529662252058e-01 3.387910780476905082e+00
-4.890198702814183562e-01 3.379319693624948107e-01
-1.589390255942818131e+00 -3.696581346782523703e-02
-6.120023198159554312e-01 -8.515689049099401942e-01
-1.410118209383223409e+00 1.307781142638877903e+00
2.955690677493449492e+00 -1.305661877009334670e+00
1.754732973656554007e+00 -3.538879842547388854e-01
4.029765767698334500e-02 1.114936274641475711e+00
-1.010162565207380014e+00 -4.180584551893039347e+00
-1.252435919256062791e+00 3.413230924592514093e+00
-1.139787907515896981e+00 -6.656273904402301156e-01
2.323941593476166467e+00 2.410920587426047312e+00
-1.199098833337465697e+00 2.416870931991708105e+00
-7.016583827938838169e-01 2.021904824810046186e+00
-1.025308503988090036e+00 3.045763562544265390e+00
6.074501610331293211e-01 1.198455745327031918e+00
1.965062616209184987e-01 2.722335802648039760e+00
-3.557032548119575255e-01 2.358851974421030118e+00
-5.466550794819766690e-01 1.995759100860316604e+00
1.398765412958131726e+00 1.550315575431505222e+00
7.610591049586757917e-01 7.421398491766177941e-01
-3.211171702173015730e-01 1.608398389224703351e+00
1.703544717339272319e-01 8.443273150151191508e-01
2.211767937162245623e-02 3.965047251257587391e+00
-1.031816307472424254e+00 1.418196339249308879e+00
5.627536723007997566e-01 -5.386762462489569359e-01
1.326060757451350991e+00 9.441228845428795147e-01
-8.863094353010649851e-01 4.894510252614762358e+00
1.106948959213172046e+00 6.902028374985624826e-01
-7.542898338939276748e-01 2.168238550105356488e+00
1.930559541341219099e-01 -1.675335911213408302e+00
6.388963506277602900e-01 1.491793658330208716e+00
-1.891738471276193545e+00 2.416339705216169698e+00
1.737983221380657861e+00 3.876249949797532679e+00
8.632096328757046244e-01 1.835190576008268737e+00
1.473669430561979299e+00 1.815538019054163899e+00
7.270182739641558589e-01 1.408832180460249273e+00
1.438404168543422346e-01 2.522489432949847732e+00
2.434186998628962151e+00 2.408338163018014733e+00
-2.034291221269912686e-01 2.735635951265362298e+00
1.445328484497575117e+00 1.414322303986184526e+00
-7.825801570681818475e-01 1.664932410555552744e+00
1.335420560807899948e+00 2.849609438975877040e+00
2.797128894806388821e-02 2.694351798042724511e-01
6.413267506802083906e-02 1.714952708131687320e+00
-8.139584440758436124e-01 1.246992476857649468e+00
2.456459314541376671e+00 5.867144405785000849e+00
-8.701208928704229351e-01 3.960066391789585083e+00
-7.797296216039619754e-01 3.570830112445903648e+00
4.019928291376504426e+00 2.818561980645021059e+00
4.354571548329008723e-01 -3.027557210483629024e-01
6.105007193509554009e-01 1.757459484149840101e+00
1.334872832491865724e-01 1.053166188141540172e+00
-5.010012302208067814e-01 2.524978395609427828e+00
1.256095928973970155e+00 1.849320050081177502e+00
2.158950358870447950e+00 4.513382259876545177e+00
6.398768549287497942e-02 2.850268052446930156e+00
-1.175066959735661554e+00 3.179929088113645719e+00
-7.542522834306242263e-01 -1.511463169286700658e+00
2.513286087025237592e+00 3.475473008035017131e+00
8.135003966013301113e-01 1.085095407082149688e+00
-2.214519347267860927e-01 4.328652233543306416e-02
-9.132573020245393636e-01 -2.739333875220735237e+00
1.697199840413667893e+00 4.472312353639436466e+00
6.265964983043552650e-01 -2.073665643465874453e+00
7.142084808271430552e-01 2.408511378763311228e+00
1.819165969068734734e+00 1.572657524974665044e+00
-2.568357913997890707e-01 2.170809320515424190e+00
-4.103743320320585308e-01 -2.738273867837555109e-01
1.337236178315871049e+00 2.573846272175014604e+00
2.494476857209281251e-01 3.358078455102678550e+00
6.115132075777041099e-02 3.338744065340827127e+00
-1.087307878635360714e+00 -9.227795866875250219e-01
9.860705075744224946e-01 2.975620008942151173e+00
9.132188779646672749e-01 4.246473136469253618e+00
1.273869137647844374e+00 1.390268183945315261e+00
9.423847086945249529e-01 2.586986263605468128e+00
4.528458958373398069e-01 2.638648079143937508e+00
-7.199746577464722908e-01 -2.587257538919315536e+00
6.368349238561403780e-01 3.901251080479204436e+00
6.578190328942500331e-01 1.794460366817006935e+00
4.755955184911734301e-01 1.108535570155905869e+00
1.075816380077956991e+00 2.332312638210715328e+00
-9.579167102629901898e-01 2.400939131798554449e+00
-9.560040966317560063e-01 1.861067374822070297e+00
-6.437327053489058093e-01 -1.402334073803610526e+00
-1.908306909599110535e+00 -1.611543911371211557e+00
-7.482954156832004600e-01 4.554326090024523044e-01
6.054469225421237333e-01 9.511020990436783729e-01
1.121300025928514410e+00 2.008309590856803606e+00
1.127289480540347943e+00 -4.318168178952230818e-02
1.138276208707845738e-01 1.429344283879532718e+00
1.484946149189790288e-01 2.778804666649866473e+00
-1.576143489267708864e+00 -1.645315345779096994e-01
-2.060250434855543933e-01 6.748846080671033754e-01
-1.427991248042317807e+00 2.608744862532831554e+00
-4.207991507903533490e-01 -1.089260807787109542e+00
2.615211565431189378e+00 -2.284369561890744471e-01
-8.474441736988325147e-01 1.779079190338699545e+00
-2.235776984325687500e-01 2.948269641951410058e+00
-1.543576565033413450e+00 -1.318444884744767620e+00
1.553104782401259820e+00 -1.014021619629570381e-01
-6.027229931963261622e-01 1.732130873889520917e+00
-7.669474001979146305e-01 1.591134545708792647e+00
-8.227366790716235112e-01 2.840552153071716379e+00
-1.040358562630843808e+00 3.379969631070984804e-01
3.367831251891796884e-01 1.069284001181202814e+00
1.750523091658653829e+00 -1.994675117784301399e-01
1.809288515180734080e+00 6.272597978751577319e-01
-1.887288000574633307e+00 -1.349102596220279171e+00
7.213723811877664760e-01 3.302031785828316135e+00
-8.618788508933199477e-01 1.693701493320902030e+00
1.207651530218879721e+00 -1.495360120971590767e+00
-1.627778626505140824e-01 5.158301886535551217e-01
-1.387233653132126765e+00 -3.245215696344732059e+00
2.863966846563585911e-01 3.326535487311832018e+00
-4.517175449866576153e-01 3.017241457751206113e+00
1.980041725781089612e+00 2.906977567044791488e+00
-4.161163556046718615e-01 8.956573578312827522e-01
-3.366263099458731034e+00 1.141978848495059484e+00
-9.267584873774747933e-01 -1.953128397673356886e+00
-2.412217386647602102e-01 2.901154644567505159e-02
7.186840680912849333e-01 -1.646690718674403975e+00
2.036546041059435375e+00 8.069339810388240775e-01
1.652175947315879800e-01 -1.292342524007201732e-01
9.406738889421539795e-01 1.599332501375543947e+00
-6.644222212607991951e-02 3.868029650219172444e-01
-2.925017368082829528e-01 1.693198850398666355e+00
5.504771714290863649e-01 1.643417068555841798e+00
-1.638239503975191802e+00 1.500867250736284131e-01
3.112136315892745086e-01 -8.321416143875302041e-01
9.990507021949679434e-02 3.723951094525069117e+00
1.708607828062109757e-01 1.614142982025114526e+00
7.853338507143959868e-01 1.721316755354990624e+00
-2.856294588959380487e-01 1.744547678930687962e+00
-3.907011643250810629e-01 6.863664566055172056e-01
2.819543831557453473e+00 8.751731279638439442e-01
3.565401577939560918e-01 -1.241536903227023814e+00
1.703802831745451440e+00 3.284254820747399162e+00
1.977632366183384560e+00 4.195118702633685359e+00
1.761747173522776100e+00 4.357522842937473939e+00
2.406601891268899784e+00 5.839358458831810594e+00
-8.077666453642246003e-02 3.153387308529973510e-01
-3.899132166295407043e-01 9.115767059570654141e-01
2.045883997000605969e+00 7.600231609715258907e-01
2.644959557751395351e+00 5.736190942792411818e+00
1.561053202081669422e+00 -3.689020116956911455e-01
2.080191412427427000e+00 7.382382082441432125e-01
-1.566087902290334455e+00 -3.326530678902580362e+00
2.283109076058771336e+00 1.914743298878776923e+00
1.484376762357565216e+00 5.412467806514338342e+00
2.494399668956349458e+00 2.381567296536896805e+00
-1.174008887309436089e+00 1.184524840055474204e-01
7.178583365720121456e-01 -3.884358385546187176e-01
3.886308682434336248e-01 2.894880369324928093e-01
4.463957101840239639e-01 3.152384259175272430e+00
-2.336344614167423783e-02 2.571811102224732970e+00
-1.562093267490403337e+00 -1.468426686448697449e+00
-4.735486387410277054e-01 3.828288016330465560e+00
9.040345188282961075e-02 3.238016403541100541e+00
7.267695132068892061e-01 3.471996195257213369e+00
8.372708578510794641e-01 1.101017797193286407e+00
-1.244176730024169952e+00 2.517057077764914830e+00
1.914299478950292621e-01 1.621776712369635387e+00
5.039721230020520748e-01 -1.384223944586248756e+00
-2.151246762562819548e-02 -1.566868952333729137e+00
1.132265736434620029e-01 3.264087733794982071e+00
1.637634684131763718e+00 -5.199918881451395247e-01
-1.150015889368179112e+00 -1.640118284691344464e+00
9.527834225576518046e-01 3.801767052075748943e+00
-8.480751643811219598e-01 5.211202138497459835e+00
-1.099799896784870779e+00 4.121700335770988044e-01
3.301302780040593632e-03 1.195887811712330606e+00
1.454513015468094972e+00 6.999237869504522092e-01
1.045605994278177686e+00 3.925602550718001460e-01
5.040668398416412455e-01 5.580525636120403199e+00
1.159527123367309343e-01 3.662466110747097936e-02
1.456365368418257367e+00 4.661671459298837306e+00
5.220861858449080906e+00 1.949274516513475497e+00
1.885388398433274437e+00 4.124841198941852305e+00
3.135835836075284710e-02 4.184460843399702590e+00
1.658222022172235688e+00 3.072348527553942166e+00
1.797805407426040503e-01 8.126862581323922585e-01
-3.439947404343790538e-01 -1.831917973389243226e-01
1.229893451842862584e+00 4.201706774524574861e+00
2.216753605259807358e+00 1.679201581414240252e+00
1.701706851445413671e+00 1.644507147348845733e+00
-1.353950178248089165e+00 -2.025306747453188283e+00
4.754008273409238150e-02 -5.252606560433070726e-01
-4.180507545885544518e-01 -3.159907977171170224e-01
1.765633409487948891e+00 4.615535354759886744e+00
3.025262662626787558e-02 2.409960517846282624e+00
3.361393157458344660e+00 3.442487445323524575e+00
-1.861733441151655066e+00 1.847891281251075712e+00
-1.037925112895627056e+00 1.526275878580687362e-01
8.443339500421561672e-01 1.137307933081554090e+00
2.272140936954106571e+00 3.499114323476482102e-01
1.881336486255164253e+00 -9.741375579174187394e-01
-2.964409089590478441e-01 4.190455441282714411e-01
8.172330653682624568e-02 -5.186212088639532425e-01
4.211889360413364480e-01 2.462615785845620131e+00
3.569336087918927869e-01 2.925905828329138814e+00
-1.604190257961095378e+00 2.883689278379142351e-02
-3.172800434299841710e-01 1.987610368225275037e+00
2.161714339290274012e+00 2.489351033202146457e+00
3.034677491104880609e+00 1.706561762818037176e+00
-3.013008109953755342e-01 1.292683923726682282e+00
1.453852815227446582e+00 1.890447199304408299e+00
-3.896476565496937994e+00 1.209916229987714864e+00
1.138275185671473899e+00 2.115882200321004269e+00
1.570414657260207347e+00 2.206524083106640610e+00
9.324609529150044152e-01 1.578219684933050093e+00
5.662950210999667666e-01 8.346492370754849954e-01
-3.203923388170678566e-01 1.234839360441097433e+00
6.959854954094735202e-01 2.455699692381370092e+00
3.375883444939549172e-01 4.866001349892137284e+00
-3.075617890944563726e+00 -6.020658367120041987e-01
-7.499143881889949181e-01 3.567075267786334436e+00
-6.528403456804998672e-02 4.517561753367369093e+00
2.896241674211408323e+00 2.709290578454130127e+00
1.110991695259863743e+00 2.840191210156872259e+00
-1.478268650808531204e+00 1.517544588062156974e+00
-1.244806279609094402e+00 -1.647558417591426849e+00
2.763795012130060513e+00 1.533117791945399322e+00
1.702242976632857008e-01 5.110801797703566907e-01
4.030897918998891383e-01 -1.650869396132871536e+00
1.655749789887104972e+00 2.053911366855643905e+00
-3.928978242937151144e-01 -1.569445925640228889e+00
3.434925130326011988e+00 1.014281701412189207e+00
-1.277807912844044491e+00 5.788521298389093239e-01
-3.005682274635342210e+00 -2.432780927267189419e+00
1.021708230496666925e+00 4.143036450289140582e+00
-2.283624502062062689e+00 2.450084170297046171e+00
7.112571157375028319e-01 2.980785107511352283e-01
3.403610169821524867e-01 1.134515007051059232e+00
-2.604199585735532674e-01 5.236233262230127750e-01
1.080866323001910434e+00 2.377723027483997331e+00
-7.380972432782748616e-01 -7.403573745358968949e-01
3.284373246769424881e+00 5.782700141737171506e+00
